date,tweet
2017-12-26 18:46:18,"Buyout lurking? MSFT paid 80% premium when they bought LinkedIn , my guess would be MSFT,GOOGL,CRM,DIS sleeper would be AAPL"
2017-12-26 18:45:04,NOW OFFERING 7 Day FREE Trial to  options day trading team Room or $TWTR feed   http://ow.ly/nPgH30hqjZ4  $RH $AAPL $NFLX $TSLA $AMZN $GOOGL
2017-12-26 18:30:15,ACTIVE TRADERS Try one of these FREE trading guides:   http://ow.ly/EAZm30hqjOi  $NFLX $TSLA $AAPL $IBB $GS $FB $AMZN $GOOGL $NVDA
2017-12-26 18:23:07,Big Call Buyers  http://www.dailystockplays.com/Unusual-Call-Option-Activity-Today-2017-12-26.html … $HD $JCP $BAC $GE $SQ $VOD $EXEL $DIS $ASNA $QCOM $ASMB $AMD $BOOT $CVX $CVRR $SIRI $LOW $GOOGL
2017-12-26 18:17:09,"AMAZON IS PLANNING a push into digital advertising in 2018, challenging Google and Facebook $AMZN $GOOGL $FB ....   http://hotpagenews.com/r/198122   Top100  http://hotpagenews.com "
2017-12-26 18:17:09,"AMAZON IS PLANNING a push into digital advertising in 2018, challenging Google and Facebook $AMZN $GOOGL $FB ....   http://hotpagenews.com/r/198122   Top100  http://hotpagenews.com "
2017-12-26 18:00:25,"YouTube's new deals could bolster its music streaming service (GOOGL, GOOG) #youtube  http://cmun.it/xQhZxI60  - content published by  http://cmun.it/quality-content "
2017-12-26 18:00:23,更新しました！ オレ的ニュース速報//再婚＆婚活まとめ : ☜【速報で～す！】NTTがSkypeをスポイルしている世界で一番遅れている様では国際的グローバル化には程遠い！Googl  http://oretekisaikonkonkatsumatome.blog.jp/archives/23184333.html … pic.twitter.com/FKHOZrqNLj
2017-12-26 17:56:07,"This cracks me up, particularly the one for $GOOGL.    #SocialMediaFail LOL  $GOOGL YOU COULD REALLY USE $TWTR. WHEN WILL YOU REALIZE THIS?"
2017-12-26 17:50:09,更新しました！ 【真面目に更新】 ジャニーズ365日 : ☜【速報で～す！】NTTがSkypeをスポイルしている世界で一番遅れている様では国際的グローバル化には程遠い！Googl  http://johnnyjohnnyeveryday.blog.jp/archives/28403783.html … pic.twitter.com/4hpftH3vcj
2017-12-26 17:45:08,"REAL TIME TRADE ALERTS via PRIVATE $TWTR FEED, perfect for people who have FT jobs and trade part-time! $AMZN $NFLX $GOOGL $BABA $C $FB"
2017-12-26 17:42:05, http://smq.tc/2frwPpF  < Are Tim’s Stock Alerts Worth It??? $BAC $GOOGL $FB
2017-12-26 17:32:54,Apple Buys Shazam For $400 Million $AAPL $AMZN $GOOGL  http://www.arandomwalknews.com/market-coverage/apple-buys-shazam-for-400-million …
2017-12-26 17:30:26,更新しました！ 【文春砲炸裂！】週刊文春まとめ　ネット版 : ☜【速報で～す！】NTTがSkypeをスポイルしている世界で一番遅れている様では国際的グローバル化には程遠い！Googl  http://bunsyunhousakuretsu.blog.jp/archives/21104221.html … pic.twitter.com/oSTCnTTZAT
2017-12-26 17:30:24,更新しました！ 【動画＆記事】オカルトまとめTV！ネット版 : ☜【速報で～す！】NTTがSkypeをスポイルしている世界で一番遅れている様では国際的グローバル化には程遠い！Googl  http://ufoumafeartvwalkingdead.blog.jp/archives/21104218.html … pic.twitter.com/h3og7kZpub
2017-12-26 17:30:14,ACTIVE TRADERS Try one of these FREE trading guides:   http://ow.ly/KYXJ30hqjOg  $NFLX $TSLA $AAPL $JWN $GS $FB $AMZN $GOOGL $NVDA
2017-12-26 17:18:08,"Precio por acción de Alphabet Inc. $GOOGL cerró hoy con un nivel de $1065.85 dólares. Con respecto al cierre de la jornada anterior, varió -0.28%"
2017-12-26 17:18:05,"Precio por acción de Alphabet Inc. $GOOGL cerró hoy con un nivel de $1056.74 dólares. Con respecto al cierre de la jornada anterior, varió -0.32%"
2017-12-26 17:15:07,NOW OFFERING 7 Day FREE Trial to  options day trading team Room or $TWTR feed   http://ow.ly/wUJS30hqjZ2  $FB $AAPL $NFLX $TSLA $AMZN $GOOGL
2017-12-26 17:00:53,"Google and Facebook dominate digital advertising — and they now account for 25% of all ad sales, online or off (GOOGL, FB, TWTR, SNAP) #marketing  http://cmun.it/CNAFFegz  - via  http://cmun.it/get-content "
2017-12-26 17:00:40,Don't miss our next FREE OPTION TRADE.  Sign up for our Daily Free Trades at  http://ow.ly/CIUI30hqjOe  $NVDA $TSLA $GS $REGN $BAC $GOOGL $FB
2017-12-26 16:59:11,#Options #maxpain chart for $GOOGL. Free options app  http://www.mystockstation.com/  pic.twitter.com/Om9RY2Nksa
2017-12-26 16:58:17,2 Little Egrets Cutacre Country Park in fields just past the first farm off Common Lane at 12:45 info @googl_phil #ManchesterBirding @BirdGuides @birdingetc @RareBirdAlertUK @MancunianSpring
2017-12-26 16:55:18,$LMFA ALERTED TO MEMBERS TODAY AT $1.45 RAN 30%   TO RECEIVE PREMIUM ALERTS CONTACT:  TEAMTOPSTOCKALERTS@GMAIL.COM   $BTC.X $ETH.X $XRP.X $BCH.X $LTC.X $DASH.X $XEM.X $BCCOIN.X $NEO.X $XMR.X $FB $GOOGL $NFLX $SNAP $BAC $AMZN $MSFT $AAPL $JNUG $JPM $TWTR $FIT $GPRO $NVDA $AMD $X pic.twitter.com/XaGqClfeT6
2017-12-26 16:41:59, https://m.youtube.com/watch?feature=youtu.be&v=ZRAzIahba5g …  https://fb.me/W2FKLuF2 
2017-12-26 16:41:25,"Search engines are weakening Amazon’s hold on product search (AMZN, GOOGL, GOOG)  http://read.bi/2l0mh2b  #business #success pic.twitter.com/Sw1HWy9JmL"
2017-12-26 16:41:16,"googl 60 min: above 10sma, MACD cross, above TL  pic.twitter.com/IAICTkKpKm"
2017-12-26 16:38:44,Oque vai ser do meu canal Agora?  https://fb.me/WZNQDo6p 
2017-12-26 16:35:46,Perfect mobile massager now on Google Play !! Super hard vibration !!  https://play.googl #バイブ #バイブレーター #マッサージ
2017-12-26 16:30:17,ACTIVE TRADERS Try one of these FREE trading guides:   http://ow.ly/ySTx30hqjOd  $NFLX $TSLA $AAPL $BIDU $GS $FB $AMZN $GOOGL $NVDA
2017-12-26 16:15:09,"REAL TIME TRADE ALERTS via PRIVATE $TWTR FEED, perfect for people who have FT jobs and trade part-time! $AMZN $NFLX $GOOGL $BIIB $GS $FB"
2017-12-26 16:08:18,"Search engines are weakening Amazon’s hold on product search (AMZN, GOOGL, GOOG) | This story was delivered to BI Intelligence ""E-Commerce Briefing"" subscribers.  Amazon's share of initial product... |  http://www.rocketnews.com/2017/12/search-engines-are-weakening-amazons-hold-on-product-search-amzn-googl-goog/ … pic.twitter.com/MDYsZsCUP9"
2017-12-26 16:06:08,Today's million dollar PUT #options trade: $AAPL $GE $NVDA $OEX $SWKS $TSLA $AMZN $PF $CRM $JBL $GOOGL ...  https://appsto.re/i6hH3LG 
2017-12-26 16:06:02,Today's million dollar CALL #options trade: $AAPL $ADI $AMZN $AVGO $GOOGL $GOOG $INTC $NVDA $OLED $PXD $SIRI ...  https://appsto.re/i6hH3LG 
2017-12-26 16:05:04,"#Twitter #Googl #USA #NZ - - We pay to launch YOUR business using magic, changing Splash Pages:  http://bit.ly/2tdX8Xq  pic.twitter.com/O4jky2Fk7k"
2017-12-26 16:00:47,251 Profit-Packed Option Trades Yearly--Delivered to Your Inbox Daily--FREE!  http://ow.ly/9kET30hqjOc  $BABA $GOOGL $TSLA $BIDU
2017-12-26 15:55:43,Biotech Stocks To Keep Shining In 2018  https://buff.ly/2C9MFhn  $biib $alxn $amgn $labu $labd $bmy $regn $incy $googl $amzn #biotechs #USstocks #mutualfunds #stockinvesting #portfoliomanagement #stockinvestors #economics #hedgefund #money #smallcap #markets
2017-12-26 15:45:30,"FANG Stocks News & Quotes: Facebook, Amazon, Netflix, Google - Collectively known as the FANG stocks, Facebook (FB), Amazon (AMZN), Netflix (NFLX) and Google parent Alphabet (GOOGL) are among the tech titans of our time. X Facebook and Google alone ca...  http://ht.ly/XD8T50fUymH "
2017-12-26 15:45:08,NOW OFFERING 7 Day FREE Trial to  options day trading team Room or $TWTR feed   http://ow.ly/CPeq30hqjYZ  $CELG $AAPL $NFLX $TSLA $AMZN $GOOGL
2017-12-26 15:41:26,"Google's lead in mapping will help in visual search (GOOGL, AAPL, GOOG)  http://read.bi/2lfurTl  #business #success pic.twitter.com/YLzhRc0KJT"
2017-12-26 15:39:06,$amzn $nflx $googl $tsla. He places zero emphasis on elite founders
2017-12-26 15:34:51,People worship Buffet...but I am not very impressed by him. Never take advice from an equity investor who didn't invest in $AMZN or $GOOGL from 1997 to 2017.
2017-12-26 15:30:18,ACTIVE TRADERS Try one of these FREE trading guides:   http://ow.ly/Ygfd30hqjOb  $NFLX $TSLA $AAPL $PCLN $GS $FB $AMZN $GOOGL $NVDA
2017-12-26 15:29:00,"Google's lead in mapping will help in visual search (GOOGL, AAPL, GOOG)  https://buff.ly/2ld8ODr  #business"
2017-12-26 15:27:10,#BREAKING Slow demand of iPhone X hits $AAPL as Analysts cut iPhone shipment forecast for 2018 in U.S. and Asia #DayAfterChristmas #stocks $GS $BAC $JPM $C $WFC $MS $PHK $BLK $NVDA $GOOGL $QCOM $AVGO $DB $RY $UBS $BCS $BMO $BX #BoxingDay #WallStreet #NYC https://www.bloomberg.com/news/articles/2017-12-25/analysts-cut-iphone-x-shipment-forecasts-citing-lukewarm-demand …
2017-12-26 15:21:26,FANG Stocks: Will They Show Their Teeth In 2018?  http://ow.ly/8MMd30hrkhd  $FB $AMZN $NFLX $GOOGL
2017-12-26 15:21:09,Carte Googl  pic.twitter.com/npLzDpy3yG
2017-12-26 15:14:10,"Search engines are weakening Amazon’s hold on product search (AMZN, GOOGL, GOOG)  http://ift.tt/2Di7PJz "
2017-12-26 15:13:55,googl/1QePoI  #OpKillingBay #ALieToldOftenEnoughBecomesTheTruth
2017-12-26 15:10:27,"$AAPL @CNBCClosingBell @CNBCFastMoney @CNBCnow   Apple Google Facebook India.  $AAPL $GOOGL $FB India  http://sidestreetjournal.blogspot.com/2016/05/aapl-googl-fb-india.html …  Regards, Slim.  LinkedIn Profile. https://www.linkedin.com/in/slimfairview/ …"
2017-12-26 15:05:38,"#Twitter #Googl #USA #NZ - - We pay to launch YOUR business using magic, changing Splash Pages:  http://bit.ly/2tdX8Xq  pic.twitter.com/KP0VhzDvuR"
2017-12-26 15:01:14,The Single Wisest Thing You Can Do With Your Money....including what to do with wealth once you make it >  https://tinyurl.com/y7rp8smz  $GOOGL $AAPL $TSLA
2017-12-26 15:01:00,"Google and Facebook dominate digital advertising — and they now account for 25% of all ad sales, online or off (GOOGL, FB, TWTR, SNAP) #marketing  http://cmun.it/RHbteBQC  (via  http://cmun.it/content )"
2017-12-26 15:00:55,Don't miss our next FREE OPTION TRADE.  Sign up for our Daily Free Trades at  http://ow.ly/eGS130hqjOa  $NVDA $TSLA $GS $ORCL $BAC $GOOGL $FB
2017-12-26 14:58:13,FANG Stocks: Will They Show Their Teeth In 2018?  http://ow.ly/acb330hrj3Z  $FB $AMZN $NFLX $GOOGL $AAPL $DIS
2017-12-26 14:54:54, https://fb.me/Igznh9IJ 
2017-12-26 14:52:42,CNBC: Amazon planning ad push in 2018  https://seekingalpha.com/news/3320072-cnbc-amazon-planning-ad-push-2018?source=tweet … $AMZN $GOOGL $FB
2017-12-26 14:51:37,RT Danish_0786: 6 ways ad agencies can thrive in an AI-first world by siliconvallaeys  https://mklnd.com/2C7JIxQ  #SEO #SMM #Marketing #blog #AffiliateMarketing #b2b #businessintelligence #marketing #InboundMarketing #outboundmarketing #digitalmarketing #remarketing #Google #Googl…
2017-12-26 14:49:37,RT @Danish_0786: 6 ways ad agencies can thrive in an AI-first world by siliconvallaeys  https://mklnd.com/2C7JIxQ  #SEO #SMM #Marketing #blog #AffiliateMarketing #b2b #businessintelligence #marketing #InboundMarketing #outboundmarketing #digitalmarketing #remarketing #Google #Googl…
2017-12-26 14:47:39,Google hires a flock of 200 goats regularly to chew away the grass in their lawns rather than using land-mowers. $GOOGL
2017-12-26 14:45:07,"REAL TIME TRADE ALERTS via PRIVATE $TWTR FEED, perfect for people who have FT jobs and trade part-time! $AMZN $NFLX $GOOGL $BABA SMU $FB"
2017-12-26 14:37:37,Orderly & Conflict Free? Alphabet’s Schmidt Sets  Example for Smooth Exits - Tech Trader Daily - @jswartz - $GOOGL  https://www.barrons.com/articles/orderly-conflict-free-alphabets-schmidt-sets-an-example-for-smooth-exits-in-tech-1514316567?mod=hp_RTA& …
2017-12-26 14:32:48,"Search engines are weakening Amazon’s hold on product search (AMZN, GOOGL, GOOG):  http://ift.tt/2Di7PJz "
2017-12-26 14:30:19,ACTIVE TRADERS Try one of these FREE trading guides:   http://ow.ly/Y5FQ30hqjO8  $NFLX $TSLA $AAPL $AXP $GS $FB $AMZN $GOOGL $NVDA
2017-12-26 14:29:16,"RT @roustam: Четыре месяца назад я увидел, как один мой хороший друг не сумел пройти тест на робота в гугле. Я удивился. Но вы и представить не можете, как удивился друг, когда у него не получилось отметить все картинки с изображением автомобилей. #googl…  pic.twitter.com/OxE8kxTV1E"
2017-12-26 14:23:08,"Playing With the Big Boys? How Veritone Aims to Compete With Amazon, Google - Barron's $VERI $GOOGL $AMZN https://www.barrons.com/articles/playing-with-the-big-boys-how-veritone-aims-to-compete-with-amazon-google-1514311738 …"
2017-12-26 14:15:09,NOW OFFERING 7 Day FREE Trial to  options day trading team Room or $TWTR feed   http://ow.ly/rPgA30hqjYW  $SPX $AAPL $NFLX $TSLA $AMZN $GOOGL
2017-12-26 14:08:02,Commented on $AAPL $CMCSA $CMLS $DISH $ETM $GOOGL $IHRT $SIRI $TMUS $MUSIC $P https://seekingalpha.com/article/4132581-opening-pandoras-box?source=tweet&sht=p1l15e&shu=c5yff#comment-77183698 …
2017-12-26 14:06:58,Commented on $AAPL $CMCSA $CMLS $DISH $ETM $GOOGL $IHRT $SIRI $TMUS $MUSIC $P  https://seekingalpha.com/article/4132581-opening-pandoras-box?source=tweet&sht=p1l13m&shu=c5yff#comment-77183688 …
2017-12-26 14:02:25,"YouTube's new deals could bolster its music streaming service (GOOGL, GOOG) #youtube  http://cmun.it/h24S9R2p  - get content from:  http://cmun.it/8q8GQSb "
2017-12-26 14:01:03,Commented on $AAPL $CMCSA $CMLS $DISH $ETM $GOOGL $IHRT $SIRI $TMUS $MUSIC $P  https://seekingalpha.com/article/4132581-opening-pandoras-box?source=tweet&sht=p1l0tr&shu=c5yff#comment-77183602 …
2017-12-26 13:45:08,"If you are not making money in this market & want consistency, try our team  http://ow.ly/QbzF30hqjYV  $FB $NFLX $AMZN $GOOGL $TSLA $AAPL $GS"
2017-12-26 13:30:22,ACTIVE TRADERS Try one of these FREE trading guides:   http://ow.ly/NWYE30hqjO5  $NFLX $TSLA $AAPL $CMG $GS $FB $AMZN $GOOGL $NVDA
2017-12-26 13:29:26,$GOOGL forming a hammer at 8 EMA and resistance. Lets see how it closes  pic.twitter.com/mjknoMmagN
2017-12-26 13:28:13,googl/5sLc89  #OpKillingBay #ALieToldOftenEnoughBecomesTheTruth
2017-12-26 13:27:07, http://bit.ly/2fry3Bj   This newsletter provides resources needed to get started with penny stocks  $YMC $CM $NKE $GOOGL
2017-12-26 13:23:45,Check out what the Team did today! #stocks #trading #business #investing #technology #retweet | $fb $aapl $amzn $googl |  http://eepurl.com/c38Lc9  pic.twitter.com/4wbY0DlCi8
2017-12-26 13:21:36,Googl docs کجاست؟؟
2017-12-26 13:18:09,"भाई googl कितने सालो से है?  रही बात हिन्दू या सनातन धर्म की तो हमारे पूर्वज कई सताब्दी से हिन्दू शब्द का इस्तमाल कर रहे हैं, धर्म हमारा सनातन ही है , हिन्द देश के वाशी है , तो हिन्दू सनातन बोलने में प्रॉब्लम क्या है"
2017-12-26 13:16:30,CP名を検索したらネット上に公開されているありとあらゆる検索したCPの二次創作がでてきたら良いのになあ、と常々思ってる。海外のも含めて。Googl翻訳で頑張るから。
2017-12-26 13:15:10,"REAL TIME TRADE ALERTS via PRIVATE $TWTR FEED, perfect for people who have FT jobs and trade part-time! $AMZN $NTES $GOOGL $BABA $GS $FB"
2017-12-26 13:14:15,"THE AI DISRUPTION BUNDLE: The guide to understanding how artificial intelligence is impacting the world (AMZN, AAPL, GOOGL)  http://ift.tt/2xmiX9F "
2017-12-26 13:12:43,RT @M11squared: What the Team did this morning! #stocks #trading #business #investing #technology #retweet | $fb $aapl $amzn $googl |  http://eepurl.com/c38Lc9  pic.twitter.com/MGly4lbcAT
2017-12-26 13:11:03,A Geezer$ Alert :  GOOGL: CNBC: Amazon planning ad push in 2018  https://goo.gl/fb/VHQrLj 
2017-12-26 13:09:48,What the Team did this morning! #stocks #trading #business #investing #technology #retweet | $fb $aapl $amzn $googl |  http://eepurl.com/c38Lc9  pic.twitter.com/TCuGBmi9aH
2017-12-26 13:05:26,CNBC: Amazon planning ad push in 2018  https://seekingalpha.com/news/3320072-cnbc-amazon-planning-ad-push-2018?source=feed_f … $AMZN $GOOGL $FB
2017-12-26 13:04:59,"Google and Facebook dominate digital advertising — and they now account for 25% of all ad sales, online or off (GOOGL, FB, TWTR, SNAP) #marketing  http://cmun.it/2XlgvC4  - Grow followers  http://cmun.it/dTWYG0i "
2017-12-26 13:02:01,$GOOGL high OI range is 1070.00 to 1070.00 for option expiration 12/29/2017 #maxpain #options  http://bit.ly/2BZd69m  pic.twitter.com/3sQ2RHHQfd
2017-12-26 13:01:02,Today's million dollar CALL #options trade update: $AAPL $ADI $AMZN $AVGO $GOOGL $GOOG $INTC $NVDA $OLED ... https://appsto.re/i6hH3LG 
2017-12-26 13:00:59,Don't miss our next FREE OPTION TRADE.  Sign up for our Daily Free Trades at  http://ow.ly/Xw1J30hqjO4  $NVDA $TSLA $GS $AAPL $BAC $GOOGL $FB
2017-12-26 12:46:26,"$AMZN #Amazon is planning a push into digital advertising in 2018, challenging #Google and #Facebook  https://www.cnbc.com/2017/12/26/amazon-digital-advertising-push-in-2018.html … $FB $GOOG $GOOGL $QQQ $SPY $DIA $DJIA #stockmarket #stocks #investing #finance $AAPL"
2017-12-26 12:45:13,"Here's your gift for the Holidays! Heat up your portfolio with OptionAlarm Swing Trade Alerts for only $49/mo. w/code ""gift"". Act NOW  $BABA $GOOGL $TSLA $BIDU"
2017-12-26 12:45:09,NOW OFFERING 7 Day FREE Trial to  options day trading team Room or $TWTR feed    http://ow.ly/4IU630hqjYU  $IBB $AAPL $NFLX $TSLA $AMZN $GOOGL
2017-12-26 12:43:58,12.26.17 Elliott Wave Updates For FANG: $GOOGL $NFLX AMZN FB https://goo.gl/fb/YMpbyZ 
2017-12-26 12:43:49,12.26.17 Elliott Wave Updates For FANG: $GOOGL $NFLX AMZN FB -   http://wavegenius.com/12-26-17-elliott-wave-updates-for-fang-googl-nflx-amzn-fb/ …
2017-12-26 12:41:42,"Everyone is focused on the wrong area of tech right now (AAPL, GOOGL, MSFT, NVDA)  http://read.bi/2ld7hgt  #business #success pic.twitter.com/ijEP6cVLIj"
2017-12-26 12:30:22,ACTIVE TRADERS Try one of these FREE trading guides:   http://ow.ly/kwWS30hqjO3  $NFLX $TSLA $AAPL $COST $GS $FB $AMZN $GOOGL $NVDA
2017-12-26 12:27:53,jvai fair ms recherch ce soir sur googL
2017-12-26 12:27:50,"Search engines are weakening Amazon’s hold on product search (AMZN, GOOGL, GOOG)  http://www.businessinsider.com/google-search-engines-weaken-amazon-hold-on-product-search-2017-12 …"
2017-12-26 12:21:27,"Expected moves w/ comments going into Friday, December 29, 2017, i.e. the last trading day of the week, month and year! $SPY $FAANNG **  $TNA $SOXL $NQ_F $SVXY $UUP $VIX   ( $FB $AAPL $AMZN $NFLX $NVDA $GOOGL)  pic.twitter.com/GpcgsVkJrt"
2017-12-26 12:20:52,# @OptionsAction @CBOE_Data @CMEActiveTrader @TradingNation1  MSFT ROIC AMZN GOOG VTEB GOOGL AMTD CBOE CME RHI
2017-12-26 12:13:47,😉Sta bih ja da nije Googl znanja! Znas ti dobro sta je zimska hrana :)
2017-12-26 12:09:21,"Alphabet (GOOGL) Upgraded by Zacks Investment Research to ""Buy""  http://ift.tt/2l01taY "
2017-12-26 12:01:11,"@JohnChen @BlackBerry rename Certicom as "" Certicom Blockchain"" , you actually have the technology and patents to secure Blockchain..... $BB @WSJ @business @technology @WarrenBuffett $AAPL $MSFT $GOOGL $AMZN #Bitcoin #Blockchain#cryptography #CryptoCurrencies"
2017-12-26 12:01:04,"Top #money flow today. Free stocks app  http://www.mystockstation.com/  $AAPL, $QQQ, $PX, $IWN, $ACWI, $BSV, $BABA, $VOO, $IWM, $GOOGL, $SP... pic.twitter.com/pd6SYedJU0"
2017-12-26 11:59:33,"@JohnChen @BlackBerry rename Certicom as "" Certicom Blockchain"" , you actually have the technology and patents to secure Blockchain..... $BB @WSJ @business @technology @WarrenBuffett $AAPL $MSFT $GOOGL $AMZN #Bitcoin #Blockchain#cryptography #CryptoCurrencies https://twitter.com/Georgie_liz/status/930559968570433539 …"
2017-12-26 11:58:39,"Google balloons to help restore Puerto Rico's cell networks  GOOGLE's parent company is set to launch balloons into the Caribbean skies in an attempt to restore telephone networks in hurricane–ravaged Puerto Rico.  Alphabet Inc., which controls Googl  http://www.thesundaily.my/news/2017/10/09/google-balloons-help-restore-puerto-ricos-cell-networks-0 …"
2017-12-26 11:58:00,The 7 Greatest Tech Stocks of All Time monitored on a twitter wall $orcl $intc $googl $amzn $ibm $msft $appl @twitter with here  https://socialfeed.biz/trading-7-greatest-tech-stock … … … #SocialMedia #TradingTips #TradingStrategy #socialwall #socialboard
2017-12-26 11:48:33,"#BREAKING Bitcoin $BTC climbs back above $16,000 vs $USD rallying more than 50% from Friday low #BoxingDay $XBT $JPM $BX $MS $C $BAC $WFC $UBS $DB $BCS $PHK $BLK $LYG $RY $BMO $BNS $TD $CM $AAPL $GOOGL $AMZN $DIS $FOXA $T $WTI #DayAfterChristmas #TuesdayThoughts #WallStreet #NYC pic.twitter.com/PLrxpFt0sP"
2017-12-26 11:45:49,GOOGL - Alphabet Inc (GOOG) Shares Sold by Risk Paradigm Group LLC - Alphabet Inc (GOOG) Shares Sold by Risk Paradigm Group LLC The Ledger Gazette - 14 hours ago Alphabet logo Risk Paradigm Group LLC reduced its holdings in shares of Alphabet Inc (NAS...  http://ow.ly/lQtB50fUnIg 
2017-12-26 11:45:49,GOOGL - Bath Savings Trust Co Buys 635 Shares of Alphabet Inc (GOOGL) - Bath Savings Trust Co Buys 635 Shares of Alphabet Inc (GOOGL) The Ledger Gazette - 3 hours ago Alphabet logo Bath Savings Trust Co raised its holdings in Alphabet Inc (NASDAQ:GOOG...  http://ow.ly/4fwz50fUnIf 
2017-12-26 11:45:09,"REAL TIME TRADE ALERTS via PRIVATE $TWTR FEED, perfect for people who have FT jobs and trade part-time! $AMZN $NFLX $GOOGL $CMG $GS $FB"
2017-12-26 11:44:32,"Seriously, nobody really needs this junk.  It's just a gadget du jour $AMZN $GOOGL $AAPL.  Having tried them all (Alexa, ok Google, Siri) to varying degrees, they all pretty much suck compared to the hype."
2017-12-26 11:42:12,"Notice how nobody talks about $AMZN Kindle's anymore.  Once the ""best selling"" product on AMZN. Kindle purchases of devices and books have fallen immensely.  Similarly Alexa is just a fad gadget. My kid bought me a $GOOGL home, so far its good for a wake up call & the weather."
2017-12-26 11:42:05,C Double Tops At 8-Year Chanel Line #investing #stocks #Charts #StockMarket #FinancialMarkets #SwingTrading #NASDAQ #SPY #AAPL #AMZN #DayTrading #FAANG #FB #GOOGL #NFLX #S&P500 #S&P #TSLA #MSFT #INTC #AMD #NVDA #MU #QCOM #FNSR #BAC #GS #C #VIX #VXX #HYG #JNK #TLT pic.twitter.com/tAYsMmD578
2017-12-26 11:34:41,GS Looking Capped Here #investing #stocks #SwingTrading #NASDAQ #SPY #AAPL #AMZN #DayTrading #FAANG #FB #GOOGL #NFLX #S&P500 #S&P #TSLA #MSFT #INTC #AMD #NVDA #MU #QCOM #FNSR #BAC #GS pic.twitter.com/4WuTaJS8hD
2017-12-26 11:33:18,"THE DIGITAL TRUST REPORT: Insight into user confidence in top social platforms (FB, GOOG, GOOGL, LNKD, TWTR, SNAP)  http://ift.tt/2rm9dce  #pymes #business #negocios"
2017-12-26 11:30:22,ACTIVE TRADERS Try one of these FREE trading guides:   http://ow.ly/L1pr30hqjO1  $NFLX $TSLA $AAPL $WMT $GS $FB $AMZN $GOOGL $NVDA
2017-12-26 11:29:48,BAC Reaching For Long Term Channel Line #investing #stocks #SwingTrading #NASDAQ #SPY #AAPL #AMZN #DayTrading #FAANG #FB #GOOGL #NFLX #S&P500 #S&P #TSLA #MSFT #INTC #AMD #NVDA #MU #QCOM #FNSR #BAC pic.twitter.com/K3uAjDQpyu
2017-12-26 11:27:52,"THE DIGITAL TRUST REPORT: Insight into user confidence in top social platforms (FB, GOOG, GOOGL, LNKD, TWTR, SNAP)  http://ift.tt/2rm9dce  pic.twitter.com/jh4GA5cdZv"
2017-12-26 11:27:44,"Search engines are weakening Amazon’s hold on product search (AMZN, GOOGL, GOOG)  http://ift.tt/2C7PYWs  pic.twitter.com/nuqVqRsVzz"
2017-12-26 11:25:24,"THE DIGITAL TRUST REPORT: Insight into user confidence in top social platforms (FB, GOOG, GOOGL, LNKD, TWTR, SNAP)  http://ift.tt/2rm9dce   BI Intelligence  This report was created for BI Intelligence subscribers. To learn more and subscribe, please cli…  http://ift.tt/2xniPSp "
2017-12-26 11:25:10,$GOOG $GOOGL Google looking to launch stores in India to boost Pixel sales: report  http://ift.tt/2C8VhVv 
2017-12-26 11:25:10,$GOOG $GOOGL Google looking to launch stores in India to boost Pixel sales: report  http://ift.tt/2DgDrit 
2017-12-26 11:22:40,#Amazon And #Google Employees Busted In #Asian #SexTrafficking Sting   http://www.zerohedge.com/news/2017-12-26/amazon-and-google-employees-busted-asian-sex-trafficking-sting … #sex $goog $googl $amzn $msft #microsoft #asiangirlsbreaktheinternet – at Google New York
2017-12-26 11:22:29,"I've just posted a new blog: Tech: Search engines are weakening Amazon’s hold on product search (AMZN, GOOGL, GOOG)  http://ift.tt/2CbErYi  Latest from LexxyTech Corporations"
2017-12-26 11:17:10,From @capcrunch on StockTwits: $AAPL “Why do these anonymous reports always work? How dumb can you be WS?” Well said; if only our country of morons would wake up saying same abt Washington D.C. & our current corrupt government & media. | $SPY $QQQ $BTC $ETH $FB $NVDA $AMZN $GOOGL
2017-12-26 11:15:54,Long $GOOGL Jan 2020 1600 call 23.32
2017-12-26 11:15:09,NOW OFFERING 7 Day FREE Trial to  options day trading team Room or $TWTR feed   http://ow.ly/wUeR30hqjYS  $PCLN $AAPL $NFLX $TSLA $AMZN $GOOGL
2017-12-26 11:09:16,$amzn good prime member news and good holiday sales do not boost the stock. Hence I am bearish on all tech sector. $fb $googl $nflx
2017-12-26 11:07:08, http://smq.tc/1Kktu5Z  << This guy made $72 million trading Pennystocks!? $AGNC $GOOGL $INO $PCG
2017-12-26 11:06:33,$QQQ $FB $AMZN $AAPL $MSFT $NFLX $BABA $FNG $GOOGL  https://seekingalpha.com/article/4133817-high-tech-heisenberg-2018-tech-outlook?source=tweet …
2017-12-26 11:05:16,"Search engines are weakening Amazon’s hold on product search (AMZN, GOOGL, GOOG)  http://aussiedaily.com.au/aussiedaily-tech-news/search-engines-are-weakening-amazons-hold-on-product-search-amzn-googl-goog/ … pic.twitter.com/Swe0PcYbic"
2017-12-26 11:01:08,Don't miss our next FREE OPTION TRADE.  Sign up for our Daily Free Trades at  http://ow.ly/9iQv30hqjO0  $NVDA $TSLA $GS $GILD $WFM $GOOGL $FB
2017-12-26 10:58:32,"Search engines are weakening Amazon’s hold on product search (AMZN, GOOGL, GOOG)  http://doyeltimes.com/technology-news/search-engines-are-weakening-amazons-hold-on-product-search-amzn-googl-goog/ …"
2017-12-26 10:57:47,This Is What Profitable Trading Looks Like 👉👉:  https://goo.gl/EjMEXg  $NETE $FINL $CAG $BBBY $AAPL $NFLX $GOOGL $AMZN $NTES $FB $ROKU $OSTK $SIEB $baba $NKE $FTFT $INCY $XPO $MU
2017-12-26 10:57:30,"Search engines are weakening Amazon’s hold on product search (AMZN, GOOGL, GOOG)  http://www.gistpartner.com/index.php/2017/12/26/search-engines-are-weakening-amazons-hold-on-product-search-amzn-googl-goog/ … pic.twitter.com/LuVRDCqRiQ"
2017-12-26 10:52:22,"17 incredibly useful Google products and services you didn't know existed (GOOG, GOOGL) - StamfordAdvocate  http://www.stamfordadvocate.com/technology/businessinsider/article/17-incredibly-useful-Google-products-and-services-10818226.php …"
2017-12-26 10:50:05,"Search engines are weakening Amazon’s hold on product search (AMZN, GOOGL, GOOG) (Daniel Keyes/Business Insider: Tech)  http://dlvr.it/Q7gV46 "
2017-12-26 10:48:08,"Tech: THE DIGITAL TRUST REPORT: Insight into user confidence in top social platforms (FB, GOOG, GOOGL, LNKD, TWTR, SNAP)  http://dlvr.it/Q7gThL  pic.twitter.com/W86Ka3A9L1"
2017-12-26 10:47:28,"""THE DIGITAL TRUST REPORT: Insight into user confidence in top social platforms (FB, GOOG, GOOGL, LNKD, TWTR, SNAP)""  http://ift.tt/2rm9dce "
2017-12-26 10:47:06,"THE DIGITAL TRUST REPORT: Insight into user confidence in top social platforms (FB, GOOG, GOOGL, LNKD, TWTR, SNAP)  http://ift.tt/2rm9dce  pic.twitter.com/DKgweyjYvr"
2017-12-26 10:44:07,"Tech: Search engines are weakening Amazon’s hold on product search (AMZN, GOOGL, GOOG)  http://dlvr.it/Q7gS4V  pic.twitter.com/qW6Mit9U0R"
2017-12-26 10:43:58,and remember technically this is HOW u make judgment call today w/ so many names $amzn $tsla $googl $nflx $nvda $aapl $bidu $msft $ba. 5ma on 15min chart says A LOT about $$ movement. https://twitter.com/option_snipper/status/945680925169471489 …
2017-12-26 10:43:08,Learn to Read SEC Filings DVD:  http://smq.tc/1GdpNHv  This DVD is pure gold!  $SLV $TWTR $Spy $GOOGL $IBB $TSLA $PCLN $CELG $LNKD
2017-12-26 10:41:26,"Search engines are weakening Amazon's hold on product search (AMZN, GOOGL, GOOG): This story was deliver.. #tech  http://dld.bz/g2DyW "
2017-12-26 10:40:36,"THE DIGITAL TRUST REPORT: Insight into user confidence in top social platforms (FB, GOOG, GOOGL, LNKD, TWTR, SNAP)  http://read.bi/2rm1aMp  pic.twitter.com/Oh92P2wuu1"
2017-12-26 10:40:03,"Search engines are weakening Amazon’s hold on product search (AMZN, GOOGL, GOOG) (Daniel Keyes/Business Insider: Tech)  http://dlvr.it/Q7gQmW "
2017-12-26 10:40:02,"Googles lead in mapping will help in visual search (GOOGL, AAPL, GOOG) (Jessica Smith/Business Insider: Tech)  http://dlvr.it/Q7gQk2 "
2017-12-26 10:38:17,"Search engines are weakening Amazon's hold on product search (AMZN, GOOGL, GOOG)  http://dlvr.it/Q7gQMB   http://www.fhfusa.us "
2017-12-26 10:38:15,"Search engines are weakening Amazon's hold on product search (AMZN, GOOGL, GOOG)  http://dlvr.it/Q7gQHZ   http://www.fhfusa.us "
2017-12-26 10:37:22,Huge returns on $amzn and $googl weekly calls this morning - there was no reason for these two to be down - done for the day :)
2017-12-26 10:36:16,"""Search engines are weakening Amazon’s hold on product search (AMZN, GOOGL, GOOG)""  http://www.businessinsider.com/google-search-engines-weaken-amazon-hold-on-product-search-2017-12?utm_source=feedly&utm_medium=referral … #business #feedly"
2017-12-26 10:34:18,"RT PulseGhana ""THE DIGITAL TRUST REPORT: Insight into user confidence in top social platforms (FB, GOOG, GOOGL, LNKD, TWTR, SNAP).  http://bit.ly/2BEihuo   pic.twitter.com/7GYFdctET1"""
2017-12-26 10:32:23,"THE DIGITAL TRUST REPORT: Insight into user confidence in top social platforms (FB, GOOG, GOOGL, LNKD, TWTR, SNAP).  http://bit.ly/2BEihuo  pic.twitter.com/6qLn9r9v8D"
2017-12-26 10:31:13,"Tech: Search engines are weakening Amazon’s hold on product search (AMZN, GOOGL, GOOG)  https://www.naijadad.com.ng/tech-search-engines-are-weakening-amazons-hold-on-product-search-amzn-googl-goog/ … pic.twitter.com/NRdS3bvyVb"
2017-12-26 10:30:37,"Search engines are weakening Amazon’s hold on product search (AMZN, GOOGL, GOOG): This…  https://goo.gl/fb/FGQg2i "
2017-12-26 10:30:21,ACTIVE TRADERS Try one of these FREE trading guides:   http://ow.ly/brO030hqjNZ  $NFLX $TSLA $AAPL $WFM $GS $FB $AMZN $GOOGL $NVDA
2017-12-26 10:29:47,Long $GOOGL 1062.50 core position IRA account
2017-12-26 10:29:08,"RT PulseGhana ""Tech: Search engines are weakening Amazon’s hold on product search (AMZN, GOOGL, GOOG).  http://bit.ly/2l0sbQO   pic.twitter.com/BJv8wxYMzJ"""
2017-12-26 10:28:02,"As w/ the rise of digital platforms like $GOOGL & $FB, when algorithms coexist in complex systems w/ the unpredictability of human behavior, destabilizing downsides result. Little doubt the same will prove true for the algorithmic revolution in asset mgmt https://latest.13d.com/will-the-black-boxes-cause-the-next-financial-crisis-algorithmic-revolution-asset-management-d8827c29b537 …"
2017-12-26 10:27:40,"Tech: Search engines are weakening Amazon’s hold on product search (AMZN, GOOGL, GOOG).  http://bit.ly/2l0sbQO  pic.twitter.com/so57a3q1lQ"
2017-12-26 10:26:46,"Search engines are weakening Amazon’s hold on product search (AMZN, GOOGL, GOOG)  http://cyberageonline.com/search-engines-are-weakening-amazons-hold-on-product-search-amzn-googl-goog/ …"
2017-12-26 10:26:45,"Search engines are weakening Amazon’s hold on product search (AMZN, GOOGL, GOOG)  http://cyberageonline.com/search-engines-are-weakening-amazons-hold-on-product-search-amzn-googl-goog/ …"
2017-12-26 10:26:43,"Search engines are weakening Amazon’s hold on product search (AMZN, GOOGL, GOOG)  http://cyberageonline.com/search-engines-are-weakening-amazons-hold-on-product-search-amzn-googl-goog/ …"
2017-12-26 10:26:41,"Search engines are weakening Amazon’s hold on product search (AMZN, GOOGL, GOOG)  http://cyberageonline.com/search-engines-are-weakening-amazons-hold-on-product-search-amzn-googl-goog/ …"
2017-12-26 10:26:39,"Search engines are weakening Amazon’s hold on product search (AMZN, GOOGL, GOOG)  http://cyberageonline.com/search-engines-are-weakening-amazons-hold-on-product-search-amzn-googl-goog/ …"
2017-12-26 10:26:10,#QQQ #FB #AMZN #AAPL #MSFT #NFLX #BABA #FNG #GOOGL  https://seekingalpha.com/article/4133817-high-tech-heisenberg-2018-tech-outlook?source=tweet …
2017-12-26 10:22:23,"""Search engines are weakening Amazon’s hold on product search (AMZN, GOOGL, GOOG)""  http://ift.tt/2BUrpzr "
2017-12-26 10:22:19,"""Google's lead in mapping will help in visual search (GOOGL, AAPL, GOOG)""  http://ift.tt/2DW8D7V "
2017-12-26 10:22:14,"Search engines are weakening Amazon’s hold on product search (AMZN, GOOGL, GOOG):  http://ift.tt/2BSNZbx "
2017-12-26 10:22:13,"Search engines are weakening Amazon’s hold on product search (AMZN, GOOGL, GOOG):  http://ift.tt/2BSNZbx  @SheikhMende #Dubai"
2017-12-26 10:19:29,"Search engines are weakening Amazon’s hold on product search (AMZN, GOOGL, GOOG)  http://ift.tt/2BSNZbx "
2017-12-26 10:15:44,"Search engines are weakening Amazon’s hold on product search (AMZN, GOOGL, GOOG)  http://read.bi/2C6Z0Ti  pic.twitter.com/kByNEI8IIE"
2017-12-26 10:15:18,"Search engines are weakening Amazon's hold on product search (AMZN, GOOGL, GOOG)  http://ift.tt/2DRhAQ1 "
2017-12-26 10:15:09,"REAL TIME TRADE ALERTS via PRIVATE $TWTR FEED, perfect for people who have FT jobs and trade part-time! $AMZN $NFLX $GOOGL $BIDU $GS $FB"
2017-12-26 10:11:39,"Google's lead in mapping will help in visual search (GOOGL, AAPL, GOOG): This story was delivered to BI .. #tech  http://dld.bz/g2Dzb "
2017-12-26 10:11:15,fang names still out of flavor $AAPL $GOOGL $AMZN
2017-12-26 10:11:06,"Search engines are weakening Amazon’s hold on product search (AMZN, GOOGL, GOOG)  http://dlvr.it/Q7gDX7  pic.twitter.com/TsaUIzYGfq"
2017-12-26 10:06:53,"Google’s lead in mapping will help in visual search (GOOGL, AAPL, GOOG)  http://aussiedaily.com.au/aussiedaily-tech-news/googles-lead-in-mapping-will-help-in-visual-search-googl-aapl-goog/ … pic.twitter.com/1dS726LyGO"
2017-12-26 10:04:00,Top Implied #Volatility Gainers $AAPL $MU $BABA $GOOGL $GE $FB $AMZN $BYD  http://tinyurl.com/yd54v8v3 
2017-12-26 10:03:22,"Search engines are weakening Amazon’s hold on product search (AMZN, GOOGL, GOOG)  http://ift.tt/2BUrpzr  #interesting"
2017-12-26 10:03:16,"Search engines are weakening Amazon’s hold on product search (AMZN, GOOGL, GOOG)  http://ift.tt/2BUrpzr  pic.twitter.com/MNFv9QMXn7"
2017-12-26 10:02:31,"Search engines are weakening Amazon’s hold on product search (AMZN, GOOGL, GOOG)  http://ift.tt/2BUrpzr "
2017-12-26 10:02:01,"Search engines are weakening Amazon’s hold on product search (AMZN, GOOGL, GOOG) #website #news  http://ift.tt/2BUrpzr  pic.twitter.com/ipLOdSmNnm"
2017-12-26 10:01:56,"New post: ""Search engines are weakening Amazon’s hold on product search (AMZN, GOOGL, GOOG)""  http://ift.tt/2BUrpzr "
2017-12-26 10:01:35,"Search engines are weakening Amazon’s hold on product search (AMZN, GOOGL, GOOG)  http://read.bi/2lfbsbw "
2017-12-26 10:01:05,"Search engines are weakening Amazon’s hold on product search (AMZN, GOOGL, GOOG)  http://dlvr.it/Q7g8mB "
2017-12-26 10:01:05,"Search engines are weakening Amazon’s hold on product search (AMZN, GOOGL, GOOG)  http://ift.tt/2BUrpzr  Daniel Keyes"
2017-12-26 09:59:28,"Search engines are weakening Amazon’s hold on product search (AMZN, GOOGL, GOOG)  http://ift.tt/2BUrpzr "
2017-12-26 09:59:26,"Search engines are weakening Amazon’s hold on product search (AMZN, GOOGL, GOOG)  http://ift.tt/2BUrpzr "
2017-12-26 09:59:15,"Search engines are weakening Amazon’s hold on product search (AMZN, GOOGL, GOOG)  http://ift.tt/2BUrpzr  johnangel1977"
2017-12-26 09:59:15,"10 Things To Know. Search engines are weakening Amazon’s hold on product search (AMZN, GOOGL, GOOG)  http://ift.tt/2BUrpzr "
2017-12-26 09:58:35,"Search engines are weakening Amazon’s hold on product search (AMZN, GOOGL, GOOG)  https://goo.gl/fb/ZjnR85 "
2017-12-26 09:58:35,"Search engines are weakening Amazon’s hold on product search (AMZN, GOOGL, GOOG)  pic.twitter.com/bp1gMFZULo"
2017-12-26 09:58:35,"Google's lead in mapping will help in visual search (GOOGL, AAPL, GOOG)  https://goo.gl/fb/dSLVbv "
2017-12-26 09:57:11,"Google's lead in mapping will help in visual search (GOOGL, AAPL, GOOG)  http://www.gistpartner.com/index.php/2017/12/26/googles-lead-in-mapping-will-help-in-visual-search-googl-aapl-goog/ … pic.twitter.com/20HKit8OPT"
2017-12-26 09:54:14,Alphabet (GOOGL) Upgraded to “Buy” by Zacks Investment Research  http://bit.ly/2BSCAsm 
2017-12-26 09:48:15,"Google's lead in mapping will help in visual search (GOOGL, AAPL, GOOG)  http://ift.tt/2DW8D7V  #interesting"
2017-12-26 09:48:14,"Google's lead in mapping will help in visual search (GOOGL, AAPL, GOOG)  pic.twitter.com/qggtUUIPg2"
2017-12-26 09:47:42,Sold out $CRTO -18% hit on the position -5% hit to the book  -Apple hates them n blocks info  -EU regulations moving to favor 1st party data owners  $CRTO has excellent tech but works only with data Apple & EU gives $GOOGL & $FB an edge = more marketshare valuetrap?
2017-12-26 09:47:35,"Google's lead in mapping will help in visual search (GOOGL, AAPL, GOOG)  http://ift.tt/2DW8D7V "
2017-12-26 09:47:25,"Google's lead in mapping will help in visual search (GOOGL, AAPL, GOOG)  http://ift.tt/2DW8D7V  pic.twitter.com/eDzalykNOu"
2017-12-26 09:46:49,"New post: ""Google's lead in mapping will help in visual search (GOOGL, AAPL, GOOG)""  http://ift.tt/2DW8D7V "
2017-12-26 09:46:45,"Google's lead in mapping will help in visual search (GOOGL, AAPL, GOOG)  http://read.bi/2pG4xhp "
2017-12-26 09:45:55,"Google's lead in mapping will help in visual search (GOOGL, AAPL, GOOG)  http://ift.tt/2DW8D7V  Jessica Smith"
2017-12-26 09:45:43,一生いじるからな
2017-12-26 09:45:08,NOW OFFERING 7 Day FREE Trial to  options day trading team Room or $TWTR feed   http://ow.ly/3Dnj30hqjYQ  $SPY $AAPL $NFLX $TSLA $AMZN $GOOGL
2017-12-26 09:44:21,"Google's lead in mapping will help in visual search (GOOGL, AAPL, GOOG)  http://ift.tt/2pzIoRw "
2017-12-26 09:44:21,"10 Things To Know. Google's lead in mapping will help in visual search (GOOGL, AAPL, GOOG)  http://ift.tt/2DW8D7V "
2017-12-26 09:44:13,"Google's lead in mapping will help in visual search (GOOGL, AAPL, GOOG)  http://ift.tt/2DW8D7V "
2017-12-26 09:44:05,"Google's lead in mapping will help in visual search (GOOGL, AAPL, GOOG)  http://ift.tt/2DW8D7V  johnangel1977"
2017-12-26 09:43:36,"Google's lead in mapping will help in visual search (GOOGL, AAPL, GOOG)  http://ift.tt/2DW8D7V  pic.twitter.com/C4qKZnUrrP"
2017-12-26 09:43:16,"Google's lead in mapping will help in visual search (GOOGL, AAPL, GOOG):  http://ift.tt/2pzIoRw  @SheikhMende #Dubai"
2017-12-26 09:42:18,"Google's lead in mapping will help in visual search (GOOGL, AAPL, GOOG):  http://ift.tt/2pzIoRw "
2017-12-26 09:41:50,"Stock Picks - ALPHABET INC. - We sold the stock $GOOGL at $1061.97, that's a 3.56% move since we purchased it 20 days ago!"
2017-12-26 09:40:39,"Google's lead in mapping will help in visual search (GOOGL, AAPL, GOOG)  http://read.bi/2BRHeGS  pic.twitter.com/s1uTR54udP"
2017-12-26 09:37:11,"Google's lead in mapping will help in visual search (GOOGL, AAPL, GOOG)  http://dlvr.it/Q7g226  pic.twitter.com/HTlD1PT6XC"
2017-12-26 09:37:03,TOday’s Movers: Alphabet Inc $NASDAQ:GOOGL Stock Rating Maintained at BMO Capital  https://bzweekly.com/todays-movers-alphabet-inc-nasdaqgoogl-stock-rating-maintained-at-bmo-capital-970-0-target-price-indicates-9-10-potential/ …
2017-12-26 09:35:13,"Google's lead in mapping will help in visual search (GOOGL, AAPL, GOOG)  http://ift.tt/2pxnEtC "
2017-12-26 09:31:19,"Google's lead in mapping will help in visual search (GOOGL, AAPL, GOOG)  http://dlvr.it/Q7g0W0  pic.twitter.com/gcOwmLWe8e"
2017-12-26 09:31:14,"Google's lead in mapping will help in visual search (GOOGL, AAPL, GOOG)  http://dlvr.it/Q7g0RL  pic.twitter.com/VryAoOPPbJ"
2017-12-26 09:31:09,"Google's lead in mapping will help in visual search (GOOGL, AAPL, GOOG)  http://dlvr.it/Q7g0F7  #SiliconAlleyInsider"
2017-12-26 09:31:08,"Google's lead in mapping will help in visual search (GOOGL, AAPL, GOOG)  http://dlvr.it/Q7g0BJ "
2017-12-26 09:31:07,"Google's lead in mapping will help in visual search (GOOGL, AAPL, GOOG)  http://dlvr.it/Q7g03P  pic.twitter.com/dEdfOlJ8tw"
2017-12-26 09:31:05,"Google's lead in mapping will help in visual search (GOOGL, AAPL, GOOG)  http://dlvr.it/Q7g06l "
2017-12-26 09:30:18,ACTIVE TRADERS Try one of these FREE trading guides:   http://ow.ly/Gbgq30hqjNX  $NFLX $TSLA $AAPL $BABA $AMD $GS $FB $AMZN $GOOGL $NVDA
2017-12-26 09:29:18,"Google's lead in mapping will help in visual search (GOOGL, AAPL, GOOG)  http://ift.tt/2DW8D7V "
2017-12-26 09:25:07,"With past performance like this, how can you not sign up for a Free 7-day trial to  http://ow.ly/lcT330hqkd8 ? Winning Option Swing Trades Since 2006  $AMZN $GOOGL $BABA $MSFT"
2017-12-26 09:24:43,"Scutify Pre-Market. Bitcoin, Cryptos Back In Recovery Mode, Apple Suppliers Drop On Report Of Weak iPhone X Demand. #Cryptocurrencies #Blockchain #iPhoneX #GooglePixel #India #China #Buybacks #Biotech $BTC $LTC $AAPL $COF $SCMP $MNK $GOOGL $DMPI $BA $ERJ  http://mailchi.mp/scutify/scutify-pre-market-bitcoin-cryptos-back-in-recovery-mode-apple-suppliers-drop-on-report-of-weak-iphone-x-demand-mallinckrodt-to-buy-sucampo-pharma?e=85b13f4a22 … pic.twitter.com/gxFe8LCIol"
2017-12-26 09:19:34,"Analysts’ Upgrades for December, 26th (COF, GOOGL, KEY, LVS, PNC, SQBG, SSREY, SYNC, TACO, THFF)  http://ift.tt/2BUKKQU "
2017-12-26 09:18:32,"Analysts’ Upgrades for December, 26th $COF, GOOGL, KEY, LVS, PNC, SQBG, SSREY, SYNC, TACO, THFF  http://ift.tt/2C97yvq  #acn"
2017-12-26 09:18:30,Alphabet $GOOGL Upgraded by Zacks Investment Research to “Buy”  http://ift.tt/2CbxNBk  #acn
2017-12-26 09:18:14,"Analysts’ Upgrades for December, 26th $COF, GOOGL, KEY, LVS, PNC, SQBG, SSREY, SYNC, TACO, THFF  http://ift.tt/2lf3wae "
2017-12-26 09:18:12,Alphabet $GOOGL Upgraded by Zacks Investment Research to “Buy”  http://ift.tt/2DW2uZC 
2017-12-26 09:15:11,"If you are not making money in this market & want consistency, try our team  http://ow.ly/lYYL30hqjYP  $FB $NFLX $AMZN $AMD $TSLA $AAPL $GOOGL"
2017-12-26 09:03:16,GOOGL Stock: Alphabet Inc Downgraded to “Hold” at Vetr Inc.  https://goo.gl/fb/Vqa4pS 
2017-12-26 09:01:53,How To Setup a Blog For FREE in MINUTES & Start PROFITING using Googl
2017-12-26 09:01:03,Don't miss our next FREE OPTION TRADE.  Sign up for our Daily Free Trades at  http://ow.ly/15t730hqjNV  $NVDA $TSLA $GS $GILD $BABA $GOOGL $FB
2017-12-26 09:00:35,"Popular: $NXTD, $AGIO, $GOOGL, $TPR, $ARRY, $HLF, $AGN, $MA, $HAL, $TSRO, $AMZN, $GS, $COF, $MS, $ADP, $BIDU, $MSFT, $KO, $CLX, $INCY"
2017-12-26 09:00:05, http://stockstream.tv/?v=WoOx-UWS6Mg  // 11 7 2017 Triple Confirmation Winner in GOOGL // $GOOGL #trading #investing #stocks pic.twitter.com/bZNcHNrl9V
2017-12-26 08:59:12,#Options #maxpain chart for $GOOGL. Free options app  http://www.mystockstation.com/  pic.twitter.com/SgqV5hsqj4
2017-12-26 08:54:21,"Alphabet upgraded by Zacks Investment Research to buy. $1,199.00 PT.  http://ift.tt/2BEuZZZ  $GOOGL #GOOGL"
2017-12-26 08:54:19,"Alphabet upgraded by Zacks Investment Research to buy. $1,199.00 PT.  http://ift.tt/2BEuZZZ  $GOOGL #GOOGL"
2017-12-26 08:54:11,"Alphabet upgraded by Zacks Investment Research to buy. $1,199.00 PT.  http://ift.tt/2BEuZZZ  $GOOGL #GOOGL"
2017-12-26 08:45:13,"Here's your gift for the Holidays! Heat up your portfolio with OptionAlarm Swing Trade Alerts for only $49/mo. w/code ""gift"". Act NOW $AMZN $GOOGL $NFLX $FB $AAPL"
2017-12-26 08:45:09,"REAL TIME TRADE ALERTS via PRIVATE $TWTR FEED, perfect for people who have FT jobs and trade part-time! $AMZN $NFLX $GOOGL $BABA $GS $FB"
2017-12-26 08:38:01,Do you know that #WallStreet price for $GOOGL is $1102.36  https://unicornbay.com/t/GOOGL.US?utm_medium=tweet&utm_campaign=wallstreet&utm_source=twitter …
2017-12-26 08:30:16,ACTIVE TRADERS Try one of these FREE trading guides:   http://ow.ly/1ssx30hqjNU  $NFLX $TSLA $AAPL $JPM $GS $FB $AMZN $GOOGL $NVDA
2017-12-26 08:27:23,そちらも踏まえまして、長期での業務内容及び今回のトライラル内容をこちらに記載させて頂きます。    【応募条件】  ・在宅勤務ですので、ご自身のパソコンでの作業  ・Excel、Wordの基本操作ができる  ・チャットワーク、Googl...。  https://goo.gl/hfdKwE 
2017-12-26 08:26:12,Want to be a better stock trader?  Join the ISW team and profit $AAPL $SCMP $GOOGL $STZ  http://goo.gl/KdpgL2  pic.twitter.com/er12J4NpDG
2017-12-26 08:15:12,NOW OFFERING 7 Day FREE Trial to  options day trading team Room or $TWTR feed   http://ow.ly/kEUZ30hqjYO  $AGN $AAPL $NFLX $TSLA $AMZN $GOOGL
2017-12-26 08:01:55,ぶっとばされてえかありがとう
2017-12-26 08:00:51,251 Profit-Packed Option Trades Yearly--Delivered to Your Inbox Daily--FREE!  http://ow.ly/5o3E30hqjNT  $AMZN $GOOGL $NFLX $FB $AAPL
2017-12-26 08:00:01,"These AI #Stocks don’t need babysitting, $AMZN, $GOOG, $GOOGL #Investing #StockMarket:  https://goo.gl/22bqiS  pic.twitter.com/uRFeQRZTWz"
2017-12-26 07:57:31,"$AAPL is pulling back nicely. That's one! Now let see what $GOOGL, $AMNZ, $WYNN, and $DIS do?⏳"
2017-12-26 07:34:46,$GOOGL Google is reportedly building brick-and-mortar stores in Indian to help spur sales of its Pixel smartphones.  https://stocknews.com/news/googl-report-alphabet-inc-googl-will-test-physical-stores-in-india/ …
2017-12-26 07:30:17,ACTIVE TRADERS Try one of these FREE trading guides:   http://ow.ly/SYC730hqjOu  $NFLX $TSLA $AAPL $GILD $GS $FB $AMZN $GOOGL $NVDA
2017-12-26 07:27:45,"Venture capital deals of the week  https://lnkd.in/e4GKqcd  $AZSEY, $GOOG, $GOOGL, $CELG, $XRX, $KODK, $CRM, $INTC, $GE, $CVX, $IBM, $PALAN, $UBER, $DIDI, $SFTBF, $SFTBY, $MEIT, $TCEHY, $TCTZF, $VWORK, $LYFT, $BIDU"
2017-12-26 07:27:27,"Ups & Downs At Street: Popular, Inc. (NASDAQ:BPOP), Google Class A (NASDAQ:GOOGL)  http://ift.tt/2pCq4Y6 "
2017-12-26 07:10:24,A Geezer$ Alert :  GOOGL: Economic Times: Google planning physical stores in India  https://goo.gl/fb/N1DnNN 
2017-12-26 07:07:32,Economic Times: Google planning physical stores in India  https://seekingalpha.com/news/3320007-economic-times-google-planning-physical-stores-india?source=feed_f … #premarket $GOOGL
2017-12-26 06:51:00,$GOOGL chart  https://invst.ly/66nrz  via  https://www.tradingview.com 
2017-12-26 06:47:40,googlさんから「投稿した写真が Google で新記録を達成しました」 という刺激的なコメントのメールが着ました。 2億回は、けっこう多いほうかもしれません。 でもググッてみたら100万回でも同じお知らせが届いているようでした。 googlさん、あいかわらず乗せるのがうまい！  pic.twitter.com/MpcTZpu7BJ
2017-12-26 06:40:14,更新しました！ 【どんどん更新中！】痛いニュース 速報版 : ■【えっっっ！？】NTTがSkypeをスポイルしている世界で一番遅れている様では国際的グローバル化には程遠い！Googl  http://fastitanewswebsokuhoban.blog.jp/archives/28392959.html … pic.twitter.com/uQCEUwzpCR
2017-12-26 06:20:45,Lost in space thanks to googl#ma& :( #tadimaukekebakkramatmalahkemanasekarangmaukewedimalahkemana T.T
2017-12-26 06:04:44,Eric Schmidt Stepping Down As Alphabet's Executive Chairman  https://buff.ly/2p7lWPL  $GOOGL  pic.twitter.com/CE1KB6zisW
2017-12-26 06:02:21,"Google and Facebook dominate digital advertising — and they now account for 25% of all ad sales, online or off (GOOGL, FB, TWTR, SNAP) #marketing  http://cmun.it/0Qchw5f  - get content from:  http://cmun.it/free-content "
2017-12-26 06:01:52,"When you visit a web page, there's a better-than-even chance Google knows about it (GOOGL) #advertising  http://cmun.it/qCvRZUl  - Grow followers  http://cmun.it/vM1Ook "
2017-12-26 06:00:57,Mana para penggila film BOKEP ? Nih pasang aplikasi RIBUAN film bokep di  https://googl/lGlCtR Sebarkan ke temen2 yang lain ya!!!
2017-12-26 05:52:11,"do u ever just want attention but also you're really bad at keeping up conversations kdnsnnss but like u want friends.... googl... — jsjjskd yeah i understand how you feel,, sometimes i feel left out too in stan twt and even irl a...  https://curiouscat.me/HYUNLIX/post/264064686?1514285516 …"
2017-12-26 05:45:14,Earn while you learn with super_trades  http://goo.gl/05OTIA  easy to replicate trading strategy! $RUSS $NXPI $GOOGL $SDRL
2017-12-26 05:45:01,【探せばあるもんだ】  2017年もあと少し。「何やったかな〜。どこ行ったかな〜。」等、Googlカレンダーを遡って振り返ってみました。遡りながら、備忘録としてメモしていたんですが、さすがに1年分ともなるとかなりの量。 　...  https://fb.me/U7msoIMM 
2017-12-26 05:26:05, http://smq.tc/2frwPpF  < Timothy Sykes Stock $ Alerts Reviewed $IBB $GOOGL $FB
2017-12-26 05:23:42,First Published on 12/04/2017║Google now runs 3.0 gigawatts of 100% renewable energy $GOOGL  https://hedgeaccordingly.com/2017/12/google-now-runs-3-0-gigawatts-of-100-renewable-energy-googl.html … | #energy
2017-12-26 05:09:03,ONCEJAPANオフィシャルサイトを開くのはいちいちGooglでONCEJAPANと調べるんですか？それかそれ用のアプリみたいなのがあるんですか？            ファンクラブの事よく知らなくて親切な方教えてくれるとありがたいです。
2017-12-26 05:06:52,"《定期》  ☆ Googl_SNSさん☆ パズドラ・モンスト垢販売の方です(^^)/ ★パズドラ★ ・強垢 ・魔法石多量垢 ・チートワンパン ★モンスト★ ・オーブ多量垢  その他に,,, 「データは売りたいけど、 詐欺には遭いたくない」 というか"
2017-12-26 04:40:07,更新しました！ 【どんどん更新中！】痛いニュース 速報版 : █【速報で～す！】NTTがSkypeをスポイルしている世界で一番遅れている様では国際的グローバル化には程遠い！Googl  http://fastitanewswebsokuhoban.blog.jp/archives/28390184.html … pic.twitter.com/XpV2AmyqI1
2017-12-26 04:23:26,$GOOGL - Boston Advisors LLC Raises Stake in Alphabet Inc #GOOGL  https://goo.gl/fb/vfCETi 
2017-12-26 04:19:40,Marathon Asset Management LLP Has $127.18 Million Position in Alphabet Inc (GOOGL)  http://ift.tt/2Cb73kN 
2017-12-26 04:14:24,Boston Advisors LLC Raises Stake in Alphabet Inc $GOOGL  http://ift.tt/2C64MVq 
2017-12-26 04:11:28,Alphabet Inc $GOOGL Shares Sold by Raymond James Trust N.A.  http://ift.tt/2zx13xg 
2017-12-26 04:11:27,$GOOGL - Benjamin F. Edwards &amp; Company Inc. Decreases Position in Alphabet Inc #GOOGL  https://goo.gl/fb/cEad2V 
2017-12-26 04:11:27,Benjamin F. Edwards & Company Inc. Decreases Position in Alphabet Inc $GOOGL  http://ift.tt/2DQh7gT 
2017-12-26 04:10:11,Thin Content With Little or No Added Value Manual Action: Googl  https://searchenginewatch.com/sew/news/2292495/thin-content-with-little-or-no-added-value-manual-action-google-on-how-to-fix-it …
2017-12-26 04:00:40,"YouTube's new deals could bolster its music streaming service (GOOGL, GOOG) #youtube  http://cmun.it/ksTR5wzE  - content published by  http://cmun.it/quality-content "
2017-12-26 03:56:37,The Opinion Poll Everyone is focused on the wrong area of tech right now AAPL GOOGL MSFT NVDA  http://dlvr.it/Q7dDg2 
2017-12-26 03:28:04,"Everyone is focused on the wrong area of tech right now (AAPL, GOOGL, MSFT, NVDA)  http://dlvr.it/Q7d5wR "
2017-12-26 03:03:35,"Bonjour Nicolas, prévisions sur $Eur/Usd et quelle pondération actions US / Europe pour 2018. Analyse technique #GAFA $GOOGL $AAPL $FB $AMZN seront ils encore les leaders de marché en 2018 ?"
2017-12-26 03:00:48,"Google and Facebook dominate digital advertising — and they now account for 25% of all ad sales, online or off (GOOGL, FB, TWTR, SNAP) #marketing  http://cmun.it/k0dgpc8e  - 🚀 Grow your followers by posting better content  http://cmun.it/VZUfmb "
2017-12-26 02:59:44,$STUDY $AAPL $GOOGL $FB $AMZN $NFLX $BABA $BA $STZ $ROKU $OSTK $CMG $RIOT $FTFT $MYO $SGLB $XNET $LFIN $SIEB $BTC.X $BCH.X $XVG.X $XRP.X #AE pic.twitter.com/2Ne6Bzl5fx
2017-12-26 02:50:23,"#share Everyone is focused on the wrong area of tech right now (AAPL, GOOGL, MSFT, NVDA)  http://read.bi/2C65eTx "
2017-12-26 02:35:07,#AnalizaAkcji #TimeWarner $NFLX $FB $GOOGL $T https://www.paszport.ws/dla-time-warner-i-att-czas-się-zatrzymał-departament-sprawiedliwości-ma-zablokować-połączenie-wertyk …
2017-12-26 02:30:41,"#travel Peaks and froths: five wild UK walks with a classic pub - The best winter hikes end up in a warm, cosy pub. The author of Wild Pub Walks picks five glorious trails that will end in beers Pub The Bear Start/finish Bear Hotel, Crickhowell, Googl...  http://ow.ly/RRKg50fU1sK "
2017-12-26 02:30:10,did @msiglobal9 see what happen in the currency market after tax cut law was passed? Pay attention and read the tax cut law people. $AAPL $MSFT $AMZN $FB $C $F $GOOGL $AMZN $TSLA $NVDA $AMD $SNAP $TWTR
2017-12-26 02:05:00,"#Twitter #Googl #USA #NZ - - We pay to launch YOUR business using magic, changing Splash Pages:  http://bit.ly/2tdX8Xq  pic.twitter.com/wUMQcxn3Z5"
2017-12-26 02:02:39,We Provide #Result Oriented #DigitalMediaMarketing #Solutions To #Startups and #MediumSized #Companies That Want To Rank Up in #Googl!  #AskContentStellar Call: 9871301315 | 7011548485 #contentstellar #contentwritingandmarketing #socialmediamarketing #webdesigning #webdevelopment pic.twitter.com/pnYGXpYGEL
2017-12-26 01:47:43,"Everyone is focused on the wrong area of tech right now (AAPL, GOOGL, MSFT, NVDA)  https://besttechtrade.com/everyone-is-focused-on-the-wrong-area-of-tech-right-now-aapl-googl-msft-nvda/ … pic.twitter.com/QA6Kji1RtN"
2017-12-26 01:47:35,@2030_challenge  #تحدي_2030  هذا مجهود اليوم  التطبيق صح تطبيقgoogl fi معقد مااعرف له😩 وغيرت التطبيق للتطبيق هذا تكفون ردو انا صح ولا لا وهل هذا تطبيق اعتمده  pic.twitter.com/Dz22ipnxRH
2017-12-26 01:11:03,"My Swing Trading results for March. When the mkt traded lower, the Splash Zone finished higher. $AAPL $GOOGL $FB  http://bit.ly/2pQtJfA  pic.twitter.com/QFgBAi0dOr"
2017-12-26 00:49:14,This Week's Highlights:  Top Stock Picks for 2018   http://messages.responder.co.il/2934727/  $AAPL $MU $HIMX $FSLR $SPY $AMD $INTC $AMZN $GOOGL $FB $NVDA #stocks #StockMarket pic.twitter.com/vNPVEgApqh
2017-12-26 00:46:30,"Maybe it is easier to just tell us the algorithm of picking the stocks, not by the name of #ArtificialIntelligence or #AI whatever? $FB $AAPL $AMZN $GOOGL $NFLX $SNAP $FB $F $C $TSLA $NVDA"
2017-12-26 00:40:42,"Nice Note. A Powerful signal indeed, especially in Getting the ""Put Options"" In Big Cap Tech just like in June, August, Oct, and Nov. It's a Recurring ""Theme"". just have to wait for the ""Signal"". $QQQ $AMZN $GOOGL $FB $BABA etc. IMO"
2017-12-26 00:24:58,googl
2017-12-26 00:13:15,@realDonaldTrump @POTUS Mr. President Would you accept donations in the  form of #bitcoin $BTC or other cryptocurrency $LTC #litecoin $BCH #Bitcoin_Cash $BTG #BITCOIN_GOLD ? It would be so convenient for supporters to donate!! $AMZN $GOOGL $FB $TSLA $F $C $AAPL $SNAP $TWTR $NVDA
2017-12-26 00:11:05,"Everyone is focused on the wrong area of tech right now (AAPL, GOOGL, MSFT, NVDA)  http://dlvr.it/Q7cJwf  #Finance"
2017-12-26 00:07:07,"Everyone is focused on the wrong area of tech right now (AAPL, GOOGL, MSFT, NVDA) | Mark Zuckerberg/Facebook   |  http://www.rocketnews.com/2017/12/everyone-is-focused-on-the-wrong-area-of-tech-right-now-aapl-googl-msft-nvda/ … pic.twitter.com/xLz6VSNwoJ"
