date,tweet
2017-10-10 19:54:21,@andrewrsorkin $AAPL Meets Hollywood  http://slimviews.blogspot.com/2015/09/appl-meets-hollywood.html … $AAPL $GOOGL $FB India   http://sidestreetjournal.blogspot.com/2016/05/aapl-googl-fb-india.html … &  http://sidestreetjournal.blogspot.com/2013/02/idea-appl-fb-buy-aol-time-warner-cnn.html … Slim
2017-10-10 19:47:09, https://www.bloomberg.com/news/articles/2017-10-09/google-s-19-billion-black-box-is-worrying-investors … Peering Inside Google's $19 Billion Black Box - $GOOGL
2017-10-10 19:34:47,Googl vamos!!!
2017-10-10 19:34:30,$AAPL  Meets Hollywood.  http://slimviews.blogspot.com/2015/09/appl-meets-hollywood.html … $AAPL $GOOGL $FB India   http://sidestreetjournal.blogspot.com/2016/05/aapl-googl-fb-india.html … &   http://sidestreetjournal.blogspot.com/2013/02/idea-appl-fb-buy-aol-time-warner-cnn.html … Slim
2017-10-10 19:32:29,3Novices:Tech giants team with Anti-Defamation League to fight online hate  http://ift.tt/2ydTgHr  Internet giants like Facebook and Googl…
2017-10-10 19:31:00,"Dow Jones Newswire Sends False Google-Apple Merger Story, Says It Was Part Of A 'Technology Test'  https://benzinga.com/z/10160254  $AAPL $GOOGL  pic.twitter.com/LeJKKEIqBC"
2017-10-10 19:30:06,ACTIVE TRADERS Try one of these FREE trading guides:   http://ow.ly/u39L30fJUAf  $NFLX $TSLA $AAPL $TWTR $GS $FB $AMZN $GOOGL $NVDA
2017-10-10 19:24:47,"Oct 10 Tuesday, $GOOGL closed $987.90"
2017-10-10 19:16:53,or the $GOOG $GOOGL merger
2017-10-10 19:15:07,REAL TIME TRADE ALERTS via PRIVATE $TWTR FEED perfect for people who have FT jobs and trade part-time! $AMZN $NFLX $GOOGL $WIX $GS $FB
2017-10-10 19:10:45,I wonder if @realDonaldTrump will allow the $GOOGL $AAPL merger to go through
2017-10-10 19:06:54,"Google just bought a podcast app cofounded by former Netflix executives (GOOG, GOOGL)  http://aussiedaily.com.au/aussiedaily-tech-news/google-just-bought-a-podcast-app-cofounded-by-former-netflix-executives-goog-googl/ … pic.twitter.com/keCXjvo0y9"
2017-10-10 19:05:21,"Chromebooks strong in back-to-school sales for a second consecutive year, PC shipments data suggests.  http://on.mktw.net/2gb7imy  $GOOG $GOOGL  pic.twitter.com/8eMenjv6rM"
2017-10-10 19:00:12,Don't miss our next FREE OPTION TRADE.  Sign up for our Daily Free Trades at  http://ow.ly/lvmt30fJUAe  $NVDA $TSLA $GS $C $WFC $GOOGL $FB
2017-10-10 18:55:42,"Google just bought a podcast app cofounded by former Netflix executives (GOOG, GOOGL) (Kif…  https://goo.gl/fb/BqbHKD "
2017-10-10 18:55:36,"Google just bought a podcast app cofounded by former Netflix executives (GOOG, GOOGL)  https://goo.gl/fb/Si82hs "
2017-10-10 18:55:14,Robotics Analyst: Nvidias AI Developments Dont Change The Self-Driving Car Timeline $AMD $GOOGL $NVDA  http://benzinga.com/z/10161945  via @benzinga
2017-10-10 18:48:04,"Google just bought a podcast app cofounded by former Netflix executives (GOOG, GOOGL) (Kif Leswing/Business…  http://dlvr.it/Ptk90S "
2017-10-10 18:45:31,"Google just bought a podcast app cofounded by former Netflix executives (GOOG, GOOGL)  http://ow.ly/tZ0L50ex7LD "
2017-10-10 18:45:07,NOW OFFERING 7 Day FREE Trial to  options day trading team Room or $TWTR feed   http://ow.ly/wDHi30fJiE3  $RH $AAPL $NFLX $TSLA $AMZN $GOOGL
2017-10-10 18:40:26,"Google just bought a podcast app cofounded by former Netflix executives (GOOG, GOOGL) by Kif Leswing via Feedburner  http://ift.tt/2yY5zom "
2017-10-10 18:30:29,"Google just bought a podcast app cofounded by former Netflix executives (GOOG, GOOGL)  http://cyberageonline.com/google-just-bought-a-podcast-app-cofounded-by-former-netflix-executives-goog-googl/ … pic.twitter.com/CipoMaPdwt"
2017-10-10 18:30:26,"Google just bought a podcast app cofounded by former Netflix executives (GOOG, GOOGL)  http://cyberageonline.com/google-just-bought-a-podcast-app-cofounded-by-former-netflix-executives-goog-googl/ … pic.twitter.com/r2KnaElSHn"
2017-10-10 18:30:23,"Google just bought a podcast app cofounded by former Netflix executives (GOOG, GOOGL)  http://cyberageonline.com/google-just-bought-a-podcast-app-cofounded-by-former-netflix-executives-goog-googl/ … pic.twitter.com/pR9UDgZ2xO"
2017-10-10 18:30:19,"Google just bought a podcast app cofounded by former Netflix executives (GOOG, GOOGL)  http://cyberageonline.com/google-just-bought-a-podcast-app-cofounded-by-former-netflix-executives-goog-googl/ … pic.twitter.com/nC1WfAGot4"
2017-10-10 18:30:16,"Google just bought a podcast app cofounded by former Netflix executives (GOOG, GOOGL)  http://cyberageonline.com/google-just-bought-a-podcast-app-cofounded-by-former-netflix-executives-goog-googl/ … pic.twitter.com/wAjYaMaXux"
2017-10-10 18:30:08,ACTIVE TRADERS Try one of these FREE trading guides:   http://ow.ly/ZxJU30fJUAd  $NFLX $TSLA $AAPL $IBB $GS $FB $AMZN $GOOGL $NVDA
2017-10-10 18:28:21,"New post: ""Google just bought a podcast app cofounded by former Netflix executives (GOOG, GOOGL)""  http://ift.tt/2wMFPuI "
2017-10-10 18:26:51,"4️⃣💻:0️⃣🔼/4️⃣🔽:⚖️ -0.57% Day Ending Tue, Oct 10 ➖➖➖ ↗️📉📦 #AMZN #Amazon -0.38% ↗️📉🔍 #GOOGL…  https://www.instagram.com/p/BaFY9ToArXW/ "
2017-10-10 18:25:13,"Google just bought a podcast app cofounded by former Netflix executives (GOOG, GOOGL)  http://ift.tt/2wMFPuI  johnangel1977"
2017-10-10 18:25:06,Reinvent Tech Regulation says @Lagarde #IMF (video)  http://www.domainmondo.com/2017/10/imfs-christine-lagarde-how-we-regulate.html … #stocks $AAPL $AMZN $FB $GOOGL $GOOG #investors #TaxFairness
2017-10-10 18:22:25,"Google just bought a podcast app cofounded by former Netflix executives (GOOG, GOOGL)  http://ift.tt/2wMFPuI  #interesting"
2017-10-10 18:20:13,"10 Things To Know. Google just bought a podcast app cofounded by former Netflix executives (GOOG, GOOGL)  http://ift.tt/2wMFPuI "
2017-10-10 18:16:40,IMF's @Lagarde - How We Regulate #Tech Needs To Be Reinvented (video)  http://www.domainmondo.com/2017/10/imfs-christine-lagarde-how-we-regulate.html … $AAPL $AMZN $FB $GOOGL #Facebook #Amazon pic.twitter.com/6US9Dzp17s
2017-10-10 18:16:13,"Google just bought a podcast app cofounded by former Netflix executives (GOOG, GOOGL):  http://ift.tt/2zem68P "
2017-10-10 18:16:07,"Google just bought a podcast app cofounded by former Netflix executives (GOOG, GOOGL): Google has purcha.. #tech  http://dld.bz/gkPsn "
2017-10-10 18:15:41,"#business #news Google just bought a podcast app cofounded by former Netflix executives (GOOG, GOOGL)  http://ow.ly/Omvv50ex6v1 "
2017-10-10 18:12:30,"Google just bought a podcast app cofounded by former Netflix executives (GOOG, GOOGL)  http://ift.tt/2zem68P "
2017-10-10 18:10:52,"Google just bought a podcast app cofounded by former Netflix executives (GOOG, GOOGL)  http://ift.tt/2wMFPuI  pic.twitter.com/dgMuLtLVVV"
2017-10-10 18:10:17,"""Google just bought a podcast app cofounded by former Netflix executives (GOOG, GOOGL)""  http://ift.tt/2wMFPuI "
2017-10-10 18:09:41,"Google just bought a podcast app cofounded by former Netflix executives (GOOG, GOOGL)  http://read.bi/2gbmRuP  pic.twitter.com/Cm4AAhYauJ"
2017-10-10 18:07:10,$googl had a bice bounce today. Revisit that low 980s tomorrow will be a nice pick up
2017-10-10 18:05:48,"Tech: Google just bought a podcast app cofounded by former Netflix executives (GOOG, GOOGL)  http://www.stanallz.com/2017/10/10/tech-google-just-bought-a-podcast-app-cofounded-by-former-netflix-executives-goog-googl/ … pic.twitter.com/sgpWofTk5u"
2017-10-10 18:03:30,"Google just bought a podcast app cofounded by former Netflix executives (GOOG, GOOGL)  http://ift.tt/2yWXCA3  #pymes #business #negocios"
2017-10-10 18:02:36,"Google just bought a podcast app cofounded by former Netflix executives (GOOG, GOOGL)  pic.twitter.com/PsEwVXddLF"
2017-10-10 18:02:18,"The World's Leading 10 Innovation Company (AAPL, GOOGL). - SlickViral  http://slickviral.tk/the-worlds-leading-10-innovation-company-aapl-googl/ …"
2017-10-10 18:01:59,"Tech: Google just bought a podcast app cofounded by former Netflix executives (GOOG, GOOGL)  http://www.naijamod.com/2017/10/10/tech-google-just-bought-a-podcast-app-cofounded-by-former-netflix-executives-goog-googl/ … pic.twitter.com/cI1aQzXakJ"
2017-10-10 18:01:44,"Google just bought a podcast app cofounded by former Netflix executives (GOOG, GOOGL)  http://ift.tt/2wMFPuI  Kif Leswing"
2017-10-10 18:00:54,"Google just bought a podcast app cofounded by former Netflix executives (GOOG, GOOGL)  http://read.bi/2gbGuCO "
2017-10-10 18:00:52,"Google just bought a podcast app cofounded by former Netflix executives (GOOG, GOOGL)  http://ow.ly/KQd450ex5XM "
2017-10-10 18:00:21,Don't miss our next FREE OPTION TRADE.  Sign up for our Daily Free Trades at  http://ow.ly/l6yK30fJUA8  $NVDA $TSLA $GS $GILD $BIIB $GOOGL $FB
2017-10-10 18:00:03,You can grow a small account trading #SPX #SPY #GLD #AAPL #TSLA #NFLX #GOOGL #AMZN #BBRY #PCLN #VIX  http://www.tradewithjoe.com/chat/  #options pic.twitter.com/cM9uwisdwW
2017-10-10 17:59:24,"Google just bought a podcast app cofounded by former Netflix executives (GOOG, GOOGL)  http://ift.tt/2yWXCA3  Goo…  http://ift.tt/eA8V8J "
2017-10-10 17:59:18,"Google just bought a podcast app cofounded by former Netflix executives (GOOG, GOOGL)  http://ift.tt/2yWGOJf "
2017-10-10 17:58:22,"Google just bought a podcast app cofounded by former Netflix executives (GOOG, GOOGL)  http://read.bi/2xvlKxn "
2017-10-10 17:58:15,"Google just bought a podcast app cofounded by former Netflix executives (GOOG, GOOGL)  http://ift.tt/2wMFPuI  pic.twitter.com/ihwW3b9qfh"
2017-10-10 17:58:12,"Google just bought a podcast app cofounded by former Netflix executives (GOOG, GOOGL)  http://ift.tt/2yWXCA3  pic.twitter.com/tlEmZ6vW1A"
2017-10-10 17:57:23,"Google just bought a podcast app cofounded by former Netflix executives (GOOG, GOOGL)  http://ift.tt/2wMFPuI "
2017-10-10 17:55:45,"Here We Go Again - Market Update by Vince Vora for October 10th, 2017 $GS $GLD $GOOGL $AMZN $AAPL $TSLA $WMT http://youtu.be/jHOK2C0PVzw?a "
2017-10-10 17:54:07,"Google just bought a podcast app cofounded by former Netflix executives (GOOG, GOOGL)  http://ift.tt/2wMFPuI "
2017-10-10 17:53:47,$GOOGL  https://twitter.com/techinsider/status/917869898835156998 …
2017-10-10 17:50:31,"Google just bought a podcast app cofounded by former Netflix executives (GOOG, GOOGL)  http://ift.tt/2yWXCA3 "
2017-10-10 17:45:08,REAL TIME TRADE ALERTS via PRIVATE $TWTR FEED perfect for people who have FT jobs and trade part-time! $AMZN $NFLX $GOOGL $BABA $C $FB
2017-10-10 17:33:15,"Marcos Peña confirmó que tras las elecciones habrá aumentos de agua, luz y gas   http://www.lanacion.com.ar/2070913-marcos-pena-confirmo-que-tras-las-elecciones-habra-aumentos-de-agua-luz-y-gas …  Compartido desde tu tablón de Googl"
2017-10-10 17:30:09,ACTIVE TRADERS Try one of these FREE trading guides:   http://ow.ly/okLr30fJUA6  $NFLX $TSLA $AAPL $JWN $GS $FB $AMZN $GOOGL $NVDA
2017-10-10 17:26:38,Will play the 1k level for day trades. $GOOGL $GOOG pic.twitter.com/PcPJPR5y6F
2017-10-10 17:18:36,I Bought $GOOGL—On IPO day for $88.00. And Sold it for $110.00.
2017-10-10 17:15:04,NOW OFFERING 7 Day FREE Trial to  options day trading team Room or $TWTR feed   http://ow.ly/3Bed30fJiIc  $FB $AAPL $NFLX $TSLA $AMZN $GOOGL
2017-10-10 17:07:00,Buy and Forget Stocks Popular Among Hedge Funds -  https://buff.ly/2y7kLmB  $GOOG $GOOGL $AMZN
2017-10-10 17:04:41,"#Twitter #Googl #USA #NZ - - We pay to launch YOUR business using magic, changing Splash Pages:  http://bit.ly/2tdX8Xq  pic.twitter.com/qXevc15Qe6"
2017-10-10 17:00:23,Don't miss our next FREE OPTION TRADE.  Sign up for our Daily Free Trades at  http://ow.ly/f4rP30fJUA4  $NVDA $TSLA $GS $REGN $BAC $GOOGL $FB
2017-10-10 16:50:05,$AMZN loses more AI talent to $GOOGL than it gains #datapoint  http://go.theinformation.com/020891  pic.twitter.com/towfmEDTzA
2017-10-10 16:32:17,"Hahaha nem, nema...ali ako te nešto bude zanimalo izigravaću ja googl... :D"
2017-10-10 16:30:12,ACTIVE TRADERS Try one of these FREE trading guides:   http://ow.ly/YY9030fJUA2  $NFLX $TSLA $AAPL $BIDU $GS $FB $AMZN $GOOGL $NVDA
2017-10-10 16:25:17,"""160 Tb of data every second"" Tech companies are laying their own undersea cables  http://ow.ly/gECj30fLnqY  #ICT #Microsoft #Facebook #Googl…"
2017-10-10 16:25:16,"Alphabet Inc. (GOOGL) price at close, October 10, 2017, is 988.16.  pic.twitter.com/3d5dQphTqo"
2017-10-10 16:24:45,"Alphabet Inc. (GOOGL) price at close, October 10, 2017, is 988.16."
2017-10-10 16:24:27,Acción de Alphabet Inc. (GOOGL) cierra la jornada con precio de $988.16 USD  pic.twitter.com/bjsJf5pTNY
2017-10-10 16:23:22,"Alphabet Inc. (GOOGL) price at close, October 10, 2017, is 988.16 USD. #Stocks #Google #GOOGL"
2017-10-10 16:23:16,"Alphabet Inc. (GOOGL) price at close, October 10, 2017, is 988.16."
2017-10-10 16:15:11,REAL TIME TRADE ALERTS via PRIVATE $TWTR FEED perfect for people who have FT jobs and trade part-time! $AMZN $NFLX $GOOGL $BIIB $GS $FB
2017-10-10 16:14:28,"Emotional day... gave all the profits I was stubbornly holding in $GOOGL and $NFLX, but put on my BTFD pants and ended up at the close."
2017-10-10 16:14:13,$AMZN $GOOGL closing prices both begin with $987.xx  That's fun   #twins
2017-10-10 16:13:13,"$NVDA run continues - outperforming $AAPL, $NFLX, $GOOGL, & $FB. Jan 2018 ATM put seller discussed by @kpdavitt13  https://youtu.be/AZXh-rTyQa8 "
2017-10-10 16:06:05,googl/1QePoI  #OpKillingBay #ALieToldOftenEnoughBecomesTheTruth
2017-10-10 16:05:47,Robotics Analyst: Nvidia's AI Developments Don't Change The Self-Driving Car Timeline  https://benzinga.com/z/10161945  $NVDA $AMD $GOOGL $TSLA #bus…
2017-10-10 16:05:01,Robotics Analyst: Nvidia's AI Developments Don't Change The Self-Driving Car Timeline  https://benzinga.com/z/10161945  $NVDA $AMD $GOOGL $TSLA
2017-10-10 16:00:40,Don't miss our next FREE OPTION TRADE.  Sign up for our Daily Free Trades at  http://ow.ly/sVeL30fJUA0  $NVDA $TSLA $GS $GILD $MU $GOOGL $FB
2017-10-10 15:56:08,بداية الشوط الثاني من مباريات الجولة الاخيرة من التصفيات الأوروبية المؤهلة لكأس العالم  تابع لحظة بلحظة..googl/mDMKd  pic.twitter.com/0B00UCWAVK
2017-10-10 15:48:40,$fb $googl & $twtr all had Russian ads. $msft is going to check their records for Russian ties. I don't care if they bought a Surface?
2017-10-10 15:46:09,Dow Jones posts fake headlines  https://www.cnbc.com/video/2017/10/10/dow-jones-posts-fake-headlines.html … $GOOG #GOOG $GOOGL #GOOGL
2017-10-10 15:45:29,"GOOGL - Hartwell JM Limited Partnership Buys Alphabet Inc, Alibaba Group Holding ...  http://ow.ly/5X5Y50ewYq3 "
2017-10-10 15:45:06,NOW OFFERING 7 Day FREE Trial to  options day trading team Room or $TWTR feed   http://ow.ly/D2uV30fJiIa  $CELG $AAPL $NFLX $TSLA $AMZN $GOOGL
2017-10-10 15:44:39,Britain considers regulating Facebook and Google as news publishers  https://seekingalpha.com/news/3300201-britain-considers-regulating-facebook-google-news-publishers?source=tweet … $FB $GOOG $GOOGL
2017-10-10 15:33:35,$GOOGL $AMZN couple of flags? chart  https://www.tradingview.com/x/snE7SQiO/  via  https://www.tradingview.com 
2017-10-10 15:33:06,They are a top 5 app on both APPL and GOOGL and I guess have a $8.5b val  https://www.forbes.com/sites/parmyolson/2017/09/20/wish-8-billion-funding-amazon/#2b55c84561e1 …
2017-10-10 15:30:09,ACTIVE TRADERS Try one of these FREE trading guides:   http://ow.ly/MhGu30fJUzY  $NFLX $TSLA $AAPL $PCLN $GS $FB $AMZN $GOOGL $NVDA
2017-10-10 15:20:36,"Don't forget the infamous ""Inverse Cramer"" Short $NVDA Long $AMD #BuyNVDAPuts #BuyAMDCalls $MU $APPL $GOOGL $HMNY https://twitter.com/thestreet/status/917809221738958849 …"
2017-10-10 15:20:10,"""Google employees said, 'Yay.'"" #FakeNews $AAPL $GOOGL  https://twitter.com/cheddar/status/917783533598466048 …"
2017-10-10 15:16:30,"That's a lot of $$, $GOOGL  https://www.bloomberg.com/news/articles/2017-10-09/google-s-19-billion-black-box-is-worrying-investors …"
2017-10-10 15:12:05,$GOOGL & $AMZN Almost back to parity
2017-10-10 15:10:58,"Leaders will base as much as -30% deep, BUT once they DO, the following bases will NOT be as deep. (30% then 20%, 15%, 10% for an example). Keep this in mind when getting back in, adding, or thinking about selling out. #Focus #TradeAroundTheCore $NVDA $BA $AMZN $GOOGL $TSLA"
2017-10-10 15:10:23,$GOOGL Strong like ox
2017-10-10 15:07:49,Alphabet’s Profit Estimates Lowered — Again #GOOGL $GOOGL  http://schoolofhardstocks.com/googl_2017_q3/  pic.twitter.com/8fdEC5ztWQ
2017-10-10 15:03:19,"A Geezer$ Alert :  GOOG,GOOGL: Les Echos: Google France increasing workforce, office space  https://goo.gl/fb/qeuZvp "
2017-10-10 15:01:42,"Technology Sector Update for 10/10/2017: MSFT, AAPL, IBM, CSCO, GOOGL, NOK, JD  http://ift.tt/2ydPUV3 "
2017-10-10 15:00:29,Don't miss our next FREE OPTION TRADE.  Sign up for our Daily Free Trades at  http://ow.ly/IiVK30fJUzW  $NVDA $TSLA $GS $ORCL $BAC $GOOGL $FB
2017-10-10 14:59:18,Privacy and security-centered alternatives to Google Docs? I've grown increasingly paranoid and distrustful when it comes to anything Googl…
2017-10-10 14:45:11,REAL TIME TRADE ALERTS via PRIVATE $TWTR FEED perfect for people who have FT jobs and trade part-time! $AMZN $NFLX $GOOGL $BABA SMU $FB
2017-10-10 14:42:17,Alphabet's (GOOGL) Waymo to Advocate Self-Driving Car Safety  http://ift.tt/2zd2Okl 
2017-10-10 14:40:38,"Les Echos: Google France increasing workforce, office space  https://seekingalpha.com/news/3300233-les-echos-google-france-increasing-workforce-office-space?source=feed_f … $GOOG $GOOGL"
2017-10-10 14:38:03,#Hedgefunds Most Popular #Tech #Stock Holdings. @AlibabaGroup Tops. $BABA $FB $ATVI $LBRDA $EXPE $GOOGL $EA $SYMC $AVGO #BigData #quant pic.twitter.com/gT8OcAwqua
2017-10-10 14:33:57,"I liked a @YouTube video  http://youtu.be/XF9YhSwqQGo?a  Weekend Review 10.8.17: SPY, IWM, QQQ, JPM, BABA, AAPL, FB, AMZN, NFLX, GOOGL, TSLA,"
2017-10-10 14:30:13,ACTIVE TRADERS Try one of these FREE trading guides:   http://ow.ly/PRVI30fJUzV  $NFLX $TSLA $AAPL $AXP $GS $FB $AMZN $GOOGL $NVDA
2017-10-10 14:28:39,さすがgooglわかってる  https://twitter.com/CandleSnow66/status/386358372250841088/photo/1 pic.twitter.com/VwgJ2ZmMMD 
2017-10-10 14:25:53,Alphabet Inc. $GOOGL Shares Bought by CENTRAL TRUST Co  http://ift.tt/2g9Z5iH 
2017-10-10 14:20:45,Happy users are loyal users. (Googl: Webmasters):
2017-10-10 14:20:05,#optimize your value proposition at  http://www.ironbcg.com  with #external #unbiased #evaluation $aapl $googl $f #CES2018 #AI
2017-10-10 14:18:56,【アプリ情報】 綾部がアプリに登場だ！ 今日から綾部のプロデューサーにならないか(о´∀`о)  くるたまアプリ AppStore  https://itunes.apple.com/us/app/kurutama/id1169861209?l=ja&ls=1&mt=8 … Googl
2017-10-10 14:18:28,.#AR: Why Alphabet Inc (GOOGL) Could Ultimately Win The AR Wars  http://ift.tt/2gcidfT 
2017-10-10 14:15:11,NOW OFFERING 7 Day FREE Trial to  options day trading team Room or $TWTR feed   http://ow.ly/Zwxm30fJiDV  $SPX $AAPL $NFLX $TSLA $AMZN $GOOGL
2017-10-10 14:15:07,#optimize your value proposition at  http://www.ironbcg.com  with #external #unbiased #evaluation $aapl $googl $f #CES2018 #AI
2017-10-10 14:03:21,"Within 2 years, Weinstein will be running a studio  for either  $aapl, $googl or $AMZN. 🤔"
2017-10-10 14:02:11,Just seven stocks make up 26% of the S&P 500's YTD return; $AAPL $FB $MSFT $AMZN $GOOG $GOOGL $BA  via @hsilverb
2017-10-10 14:00:18,Don't miss our next FREE OPTION TRADE.  Sign up for our Daily Free Trades at  http://ow.ly/gm1a30fJUzT  $NVDA $TSLA $GS $GILD $AMD $GOOGL $FB
2017-10-10 13:55:43,"$SPX Magnificent 7 are 26% of YTD total return: $AAPL(7.8%), $FB(4.7%), $MSFT(4.0%), $AMZN (3.4%), $GOOG(2.1%), $GOOGL(2.0%) & BA(2.0%)"
2017-10-10 13:50:47,"Alphabet Inc Google Reveals Pixel 2, Pixel 2 XL and More (NASDAQ:GOOGL)   https://goo.gl/YmKhsZ "
2017-10-10 13:45:10,"If you are not making money in this market & want consistency, try our team  http://ow.ly/S9J230fJiDR  $FB $NFLX $AMZN $GOOGL $TSLA $AAPL $GS"
2017-10-10 13:43:27,"I hope it's Amazing, and not Amazon. Although maybe we need a Dow Jones newswire flash about a three-way merger btwn $AMZN $AAPL & $GOOGL? 😉  https://twitter.com/sallyshin/status/917806854327066624 …"
2017-10-10 13:41:34,Added some $TSLA 360 calls for next week @ 4.75 #market #money #options #stocks #trading $TSLA $FB $AMZN $SPX $QQQ $AAPL $GOOGL
2017-10-10 13:41:30,Vigilant Capital Management LLC Continues to Hold Stake in Alphabet Inc. (GOOGL)  http://ift.tt/2gtX1iD 
2017-10-10 13:37:14,Alphabet Inc. $GOOGL Holdings Held by Nottingham Advisors Inc.  http://ift.tt/2wMbjky 
2017-10-10 13:37:13,Beese Fulmer Investment Management Inc. Sells 1 Shares of Alphabet Inc. $GOOGL  http://ift.tt/2fYNjDZ 
2017-10-10 13:35:41,$CLNT MUST SEE OVER $10 SOON $AAPL $GOOG $GOOGL $AMZN $MU $FBAC $MSFT $SIRI $BAC
2017-10-10 13:35:04,"El HuffPost: El durísimo tuit de Évole contra las agresiones ultras en Valencia que pone los pelos de punta: ""Mucho asco""  http://googl"
2017-10-10 13:34:58,"$TWTR, $FB and $GOOGL shouldn’t have to play babysitter to political puppets or just common idiots.   Human nature isn’t their liability."
2017-10-10 13:34:07,"$GOOGL Long Delta 50 (ATM) Straddle - 6 calendar day play after earnings, for an ROI of 57% - with 40% stop loss -  http://tm.cmlviz.com/index.php?share_key=20171010173124_HBcfaGvQEpqvJujG …"
2017-10-10 13:33:25,$GOOGL - Alphabet Inc. #GOOGL Holdings Held by Nottingham Advisors Inc.  https://goo.gl/fb/RZrqX8 
2017-10-10 13:33:25,$GOOGL - Beese Fulmer Investment Management Inc. Sells 1 Shares of Alphabet Inc. #GOOGL  https://goo.gl/fb/StnrMV 
2017-10-10 13:33:21,$ROKA STILL TOO CHEAP ...LETS MAKE OVER $3.00 TODAY $AAPL $GOOG $GOOGL $AMZN $MU $FBAC $MSFT $SIRI $BAC
2017-10-10 13:33:08,$GOOGL - Beese Fulmer Investment Management Inc. Sells 1 Shares of Alphabet Inc. #GOOGL  https://goo.gl/fb/5ycoeV 
2017-10-10 13:31:26,$GOOGL wouldn't  be  surprised to see 1065-1075 next
2017-10-10 13:30:15,"Google Tracker: Google Earth, Air And Sea - While full autonomy is still a future fantasy, the Googl...  http://crypt0.net/post/google-tracker-google-earth-air-and-sea/ …"
2017-10-10 13:30:10,ACTIVE TRADERS Try one of these FREE trading guides:   http://ow.ly/IKhT30fJUzS  $NFLX $TSLA $AAPL $CMG $GS $FB $AMZN $GOOGL $NVDA
2017-10-10 13:25:06,"""The deal was announced when Jobs's will was read in Cupertino, Calif."" #FakeNews $AAPL $GOOGL  https://twitter.com/cheddar/status/917783533598466048 …"
2017-10-10 13:24:51,Can Microsoft's Cortana Smart Speaker Counter Amazon's Echo?   http://bit.ly/101017MSFT  $MSFT $AMZN $AAPL $GOOG $GOOGL  pic.twitter.com/pILfWcobIQ
2017-10-10 13:21:01,Britain considers regulating Facebook and Google as news publishers $FB $GOOG $GOOGL  http://www.seekingalpha.com/news/3300201 
2017-10-10 13:18:49,"GOOGL Top news - Oct 10th, 2017 $GOOGL  http:// https://goo.gl/YgWtQd "
2017-10-10 13:17:47,Google to create 300 more jobs in France by end 2018: Les Echos  http://www.reuters.com/article/us-france-google-jobs/google-to-create-300-more-jobs-in-france-by-end-2018-les-echos-idUSKBN1CF2FG … $GOOG #GOOG $GOOGL #GOOGL
2017-10-10 13:15:12,REAL TIME TRADE ALERTS via PRIVATE $TWTR FEED perfect for people who have FT jobs and trade part-time! $AMZN $NTES $GOOGL $BABA $GS $FB
2017-10-10 13:12:55,Alphabet's (GOOGL) Waymo to Advocate Self-Driving Car Safety  http://ift.tt/2xxauM3 
2017-10-10 13:11:16,"DAG Rosenstein- ""There is no constitutional right to sell warrant-proof encryption""  $APL $GOOGL"
2017-10-10 13:09:43,DOW JONES PUBLISHES fake headlines about Google acquiring Apple after ‘technical error’ $GOOGL $AAPL - The Verge http://hotpagenews.com/r/191098 
2017-10-10 13:09:43,DOW JONES PUBLISHES fake headlines about Google acquiring Apple after ‘technical error’ $GOOGL $AAPL - The Verge  http://hotpagenews.com/r/191098 
2017-10-10 13:06:51,These Key Stocks Are Seeing Some Rejections At Resistance $AAPL $TSLA $AMZN $GOOGL $NFLX $GPRO $TWTR  https://stocktwits.com/TheTradingAnalyst/message/97331129 …
2017-10-10 13:04:24,$GOOGL and $NFLX have 5ma coming to cross 10ma on 15 minutes chart
2017-10-10 13:00:35,Don't miss our next FREE OPTION TRADE.  Sign up for our Daily Free Trades at  http://ow.ly/e1v630fJUzQ  $NVDA $TSLA $GS $AAPL $BAC $GOOGL $FB
2017-10-10 12:54:48,googl
2017-10-10 12:52:21,"$FB $GOOGL $AMZN all fall to weekly PP, may hold the support and rebound for ATH."
2017-10-10 12:52:05,"Noteworthy Tuesday Option Activity: GOOGL, JCI, GOOG ( http://StockOptionsChannel.com/Stock  Options Channel)  http://dlvr.it/Ptg2xD "
2017-10-10 12:51:02, http://fb.me/8LoPh6gbx 
2017-10-10 12:49:23, http://fb.me/1KsNRYUA0 
2017-10-10 12:45:18,Britain considers regulating Facebook and Google as news publishers $FB $GOOG $GOOGL  http://www.seekingalpha.com/news/3300201 
2017-10-10 12:45:11,NOW OFFERING 7 Day FREE Trial to  options day trading team Room or $TWTR feed  http://ow.ly/hlfE30fJiDQ  $IBB $AAPL $NFLX $TSLA $AMZN $GOOGL
2017-10-10 12:45:01, http://bit.ly/2fZ1tF7  via @CMLviz The Other Side: Trading Google Options Right _After_ Earnings - $GOOGL
2017-10-10 12:44:55, http://fb.me/2dj7URx8a 
2017-10-10 12:43:22,"A Geezer$ Alert :  GOOG,GOOGL: Britain considers regulating Facebook and Google as news…  https://goo.gl/fb/hDXVgp "
2017-10-10 12:42:33,"Britain may regulate Facebook and Google as ""news publishers"" $FB $GOOG $GOOGL yikes!  http://www.seekingalpha.com/news/3300201 "
2017-10-10 12:41:04,Geez.. just saw the fake Dow Jones GOOGL-buy-AAPL headlines that went out earlier. Is there no integrity left anywhere in media?
2017-10-10 12:41:02,$GOOGL bounce off 12ma H4  https://www.tradingview.com/x/YyE6QdGU/  via  https://www.tradingview.com 
2017-10-10 12:39:10,Britain considers regulating Facebook and Google as news publishers  https://seekingalpha.com/news/3300201-britain-considers-regulating-facebook-google-news-publishers?source=tweet … $FB $GOOG $GOOGL
2017-10-10 12:32:33,Britain considers regulating Facebook and Google as news publishers  https://seekingalpha.com/news/3300201-britain-considers-regulating-facebook-google-news-publishers?source=feed_f … $FB $GOOG $GOOGL
2017-10-10 12:30:16,ACTIVE TRADERS Try one of these FREE trading guides:   http://ow.ly/GKOa30fJUzO  $NFLX $TSLA $AAPL $COST $GS $FB $AMZN $GOOGL $NVDA
2017-10-10 12:28:47, https://seekingalpha.com/article/4112703-coal-short?source=feed_f … $AAPL #APPLE $AMZN $BTU $GLD $GOOG $USO $GOOGL $BHP $KOL
2017-10-10 12:26:39,10.10.17 Elliott Wave CHART Updates For F.A.N.G. – $FB $AMZN $NFLX $GOOGL #elliottwave https://goo.gl/fb/Juxn9g 
2017-10-10 12:25:38,I see $AMZN and $NFLX and $GOOGL bounced up from bottom on 15 minutes chart
2017-10-10 12:24:59,10.10.17 Elliott Wave CHART Updates For F.A.N.G. - $FB $AMZN $NFLX $GOOGL #elliottwave - http://wavegenius.com/10-10-17-elliott-wave-chart-updates-for-f-a-n-g-fb-amzn-nflx-googl/ …
2017-10-10 12:24:42,10.10.17 Elliott Wave CHART Updates For F.A.N.G. - $FB $AMZN $NFLX $GOOGL -   http://wavegenius.com/10-10-17-elliott-wave-chart-updates-for-f-a-n-g-fb-amzn-nflx-googl/ …
2017-10-10 12:18:24,"if $GOOGL can't make new highs, is that going to be the tell on the market?"
2017-10-10 12:17:23,We just need to convince #Facebook and #Google to take #Bitcoin. #Russia interference problem solved.   https://reut.rs/2fW6OgC  $FB $GOOGL
2017-10-10 12:17:13,VT vs Google:  Russia's Big Win in Syria -  https://www.veteranstoday.com/2017/10/10/vt-vs-google-russias-big-win-in-syria/ … -  Editor's note: The military arm of Googl...  pic.twitter.com/ig7GuqPjwS
2017-10-10 12:17:01, http://fb.me/989cY66cv 
2017-10-10 12:16:53,"""Obviously, Google will move into Apple's fancy headquarters."" $GOOGL $AAPL #FakeNews https://twitter.com/cheddar/status/917783533598466048 …"
2017-10-10 12:14:55, http://fb.me/48Tkn79Wk 
2017-10-10 12:12:39, http://fb.me/DvNzOHhe 
2017-10-10 12:11:14, http://fb.me/ysbmRRD3 
2017-10-10 12:08:37,"Its all about $AMZN, no I mean $AAPL, no wait, I meant $FB, or $WMT, or $NFLX, or $GOOGL, or even $MSFT, or $NVDA........@CMCContent https://twitter.com/CMCContent/status/917781401730138112 …"
2017-10-10 12:07:36,$AMZN $GOOGL these two stocks are synchronized.
2017-10-10 12:07:18,"$GOOGL ""Technical Error"" Blamed For Dow Jones Fake News That #Google Is Buying #Apple  http://www.zerohedge.com/news/2017-10-10/technical-error-blamed-dow-jones-breaking-news-google-buying-apple … $GOOG $AAPL $QQQ $SPY #stocks"
2017-10-10 12:07:00,"Fake news hits the wires. A Dow Jones story claimed Google acquired Apple for $9 billion. The ""news"" sent Apple shares to $158. $GOOGL $AAPL pic.twitter.com/6FqdJphQaU"
2017-10-10 12:01:02,Don't miss our next FREE OPTION TRADE.  Sign up for our Daily Free Trades at  http://ow.ly/Zlda30fJUzK  $NVDA $TSLA $GS $GILD $IBB $GOOGL $FB
2017-10-10 11:59:07,googl/5sLc89  #OpKillingBay #ALieToldOftenEnoughBecomesTheTruth
2017-10-10 11:51:25,"If your TradingGuru is an SEC Charged StockManipulator using $GOOGL ads to promote himself, you are subbed to Nathan Michaud @Investorslive pic.twitter.com/4jfxwPXoI4"
2017-10-10 11:49:53,Retweeted Nic (@racernic):  $GOOGL $AMZN Looks like I got out of the correct stock profits yest. now I can...  http://fb.me/CAQRMcn1 
2017-10-10 11:49:22,$googl cover entire short @ 984.35
2017-10-10 11:48:37,$PANW some nice trades in the flow today #market #money #options #stocks #trading $TSLA $FB $AMZN $SPX $QQQ $AAPL $GOOGL
2017-10-10 11:46:16,"Faulty redirects resultzin a negative user experience. (Googl, Webmasters)"
2017-10-10 11:45:13,REAL TIME TRADE ALERTS via PRIVATE $TWTR FEED perfect for people who have FT jobs and trade part-time! $AMZN $NFLX $GOOGL $CMG $GS $FB
2017-10-10 11:45:07,Opened $NVDA 200C for next week at 1.24 #market #money #options #stocks #trading $TSLA $FB $AMZN $SPX $QQQ $AAPL $GOOGL
2017-10-10 11:36:25,One headline said Steve Jobs suggested in his will....that’s a pretty detailed mistake $GOOG $GOOGL $AAPL $DIA $DJIA
2017-10-10 11:35:48,Perfect mobile massager now on Google Play !! Super hard vibration !!  https://play.googl #バイブ #バイブレーター #マッサージ
2017-10-10 11:34:57,So Dow Jones tells the world Google is buying Apple for $9 billion on accident huh 🤔 $GOOG $GOOGL $AAPL $DIA $DJIA
2017-10-10 11:33:51,Hot Stock of the Day: Alphabet Inc $GOOGL  http://alphabetastock.com/hot-stock-of-the-day-alphabet-inc-nasdaq-googl/ …
2017-10-10 11:30:50,Dow Jones Newswires debido a “Error Técnico” generó titulares falsos como la compra de Apple por parte de Googl...  http://ow.ly/qaTA50ewHp9 
2017-10-10 11:30:45,Google: Doing Better? - I recall that Google was not able to pull together some salary data. I just read “Googl...  http://ow.ly/1r5450ewHxd 
2017-10-10 11:30:26,Dow Jones Newswires debido a “Error Técnico” generó titulares falsos como la compra de Apple por parte de Googl...  http://ow.ly/pZuI50ewHbA 
2017-10-10 11:30:19,ACTIVE TRADERS Try one of these FREE trading guides:   http://ow.ly/Q0nf30fJUzI  $NFLX $TSLA $AAPL $WMT $GS $FB $AMZN $GOOGL $NVDA
2017-10-10 11:28:53,"$SWCH If you are forced to own ""data centers"" ? $GOOGL  operates a lot of capacity and is valued like an S&P index fund."
2017-10-10 11:28:23,I agree one you might even have a googl and slower one being penalised. The law must go.
2017-10-10 11:27:44,"$APH,BAC,CJ,COST,DEA,DOM,FAST,GOOGL,GPK,IMAX - Investment Analysts' Updated EPS Estimates for October, 10th #APH…  https://goo.gl/fb/VXE32D "
2017-10-10 11:25:23,GOOGL売り抜けといてよかった
2017-10-10 11:25:14,"Option Swing Trades perfect for those w/jobs Multi-day swings, morning and evening reports Realtime alerts FREE TRIALS $GOOGL $AMZN $V $MA"
2017-10-10 11:19:57,added a few 10/20 $FB and $GOOGL call to bet on ATH.
2017-10-10 11:16:18,This is how you mess with the algos. :) $AAPL $GOOGL  https://www.benzinga.com/news/17/10/10160254/dow-jones-newswire-sends-false-google-apple-merger-story-dj-calls-it-technical-e …
2017-10-10 11:15:12,NOW OFFERING 7 Day FREE Trial to  options day trading team Room or $TWTR feed   http://ow.ly/zHLZ30fJiDO  $PCLN $AAPL $NFLX $TSLA $AMZN $GOOGL
2017-10-10 11:09:49,Dow Jones Newswire Sends False Google-Apple Merger Story; DJ Calls It 'Technical Error'  http://benzinga.com/z/10160254  $AAPL $GOOGL #businessloan…
2017-10-10 11:09:00,Dow Jones Newswire Sends False Google-Apple Merger Story; DJ Calls It 'Technical Error'  http://benzinga.com/z/10160254  $AAPL $GOOGL
2017-10-10 11:08:13,"Dow Jones ""technical error"" spreads fake news story of Google acquiring Apple  https://9to5mac.com/2017/10/10/dow-jones-hacked-google-acquiring-apple/ … $GOOG $AAPL $GOOGL"
2017-10-10 11:07:35, http://super-ppl.blogspot.ru/  Научу зарабатывать криптовалюту. Регистрация:  http://Super-PPL.com/?i=262     Мы на Googl +  http://goo.gl/4nFSkF  pic.twitter.com/1ltAJdhW5I
2017-10-10 11:04:25,$GOOGL hope it breathes before the 12th / then aggressive bullish stance into earnings #likefolio
2017-10-10 11:01:37,Q3 Earnings To Work Magic For Wall Street: Top 5 Picks $CVA $KEM $AAPL $CSCO $MSFT $ORCL $FB $GOOGL $HUBS $AA $MS  https://goo.gl/jXoAmG 
2017-10-10 11:00:28,Don't miss our next FREE OPTION TRADE.  Sign up for our Daily Free Trades at  http://ow.ly/H0Uj30fJUzc  $NVDA $TSLA $GS $GILD $WFM $GOOGL $FB
2017-10-10 10:59:08,Just don't believe every $AAPL $GOOGL news 😂 https://9to5mac.com/2017/10/10/dow-jones-hacked-google-acquiring-apple/ … #market #money #options #stocks #trading $TSLA $FB $AMZN $SPX $QQQ
2017-10-10 10:59:04,Dow Jones advises to disregard headlines published between 9:34-9:36 am $NWSA $NWS $GOOG $GOOGL $AAPL  http://dlvr.it/PtdrcP 
2017-10-10 10:52:46,3 Essential Technologies for the Next 10 Years  http://bit.ly/101017TSLA  $TSLA $GOOG $GOOGL
2017-10-10 10:51:06,"Stupidity reigns. Anyone who would believe $AAPL could be bought by $GOOGL regardless of price, given anti-trust concerns is nuts/dumb.  https://www.youtube.com/watch?v=wJLf6UCGVj4 …"
2017-10-10 10:45:36,Dow Jones Newswires spreads fake news story of Google acquiring Apple $GOOGL $AAPL  https://9to5mac.com/2017/10/10/dow-jones-hacked-google-acquiring-apple/ … pic.twitter.com/XSrjDterjI
2017-10-10 10:45:26,GOOGL - Alphabet Could Break Out on the Upside - Alphabet Could Break Out on the Upside  http://TheStreet.com ...  http://ow.ly/QHJI50ewE3U 
2017-10-10 10:45:03,$GOOGL priced to zoom up this week... though may revisit 984 area first... not sure the 985 bounce was THE bounce
2017-10-10 10:44:50,That’s the rumor hackers spread? If u are going to spread a rumor maybe try a believable one... $GOOGL $AAPL  https://twitter.com/fasttechy/status/917761064821055488 …
2017-10-10 10:34:38,Hey girl you must be Googl. Plus beuause I can't convince any of my friends to hang out with you. :(
2017-10-10 10:30:23,ACTIVE TRADERS Try one of these FREE trading guides:   http://ow.ly/LHi630fJUz8  $NFLX $TSLA $AAPL $WFM $GS $FB $AMZN $GOOGL $NVDA
2017-10-10 10:30:21,"T-Mobile Offers 50% Cash Back To Pixel 2 Buyers, Beats Verizon's Exclusive Deal With $GOOGL via @forbes  https://www.forbes.com/sites/jeanbaptiste/2017/10/09/t-mobile-offers-50-cash-back-to-pixel-2-buyers-beats-verizons-exclusive-deal-with-google/ … $TMUS"
2017-10-10 10:30:03, http://fb.me/2nK5fZNaR 
2017-10-10 10:22:25,I see stocks have 5ma deathcross 10ma on 15 minutes chart are: $AAPL $NFLX $GOOGL $AMZN $NVDA
2017-10-10 10:21:52,GOOGL EFACEBOOK TWITTER Scramble to Hold DC at Bay...
2017-10-10 10:20:19, http://fb.me/85UMZTKXM 
2017-10-10 10:20:08,that DJ hack is insane   $GOOGL $AAPL
2017-10-10 10:19:21, http://fb.me/8Ozemt4Wp 
2017-10-10 10:18:29,They push socialism and progressive crap down our throats! @wikileaks @potus @BreitbartTech @BreitbartNews $FB $TWTR $GOOGL
2017-10-10 10:17:34,Alphabet's buy rating reiterated at Jefferies Group LLC. $992.31 PT.  http://ift.tt/2yDrzZU  $GOOGL #GOOGL
2017-10-10 10:17:24,Alphabet's buy rating reiterated at Jefferies Group LLC. $992.31 PT.  http://ift.tt/2yDrzZU  $GOOGL #GOOGL
2017-10-10 10:16:09,$ADBE #AdobeMax sponsor list: $NVDA $AMD $INTC $GOOGL All the AI hardware players  https://max.adobe.com/sponsors/ 
2017-10-10 10:15:06,REAL TIME TRADE ALERTS via PRIVATE $TWTR FEED perfect for people who have FT jobs and trade part-time! $AMZN $NFLX $GOOGL $BIDU $GS $FB
2017-10-10 10:13:22,Alphabet's buy rating reiterated at Jefferies Group LLC. $992.31 PT.  http://ift.tt/2yDrzZU  $GOOGL #GOOGL
2017-10-10 10:11:13,今月の支払いにgooglからの分あって 何買ったか全く思い出せない 何か買った記憶はある
2017-10-10 10:10:53,$GOOGL 1000 c's 3.00
2017-10-10 10:10:13,$GOOGL $AMZN Looks like I got out of the correct stock profits yest. now I can reevaluate w/profits in pockets  https://stocktwits.com/racernic/message/97296971 …
2017-10-10 10:03:43,Beyond the grave M&A $AAPL $GOOGL
2017-10-10 10:00:58,Mana para penggila film BOKEP ? Nih pasang aplikasi RIBUAN film bokep di  https://googl/lGlCtR Sebarkan ke temen2 yang lain ya!!!
2017-10-10 10:00:39,Don't miss our next FREE OPTION TRADE.  Sign up for our Daily Free Trades at  http://ow.ly/tZwI30fJUz7  $NVDA $TSLA $GS $NFLX $BAC $GOOGL $FB
2017-10-10 09:57:35,Buy Alphabet Stock on the Next Pullback $GOOGL  https://investorplace.com/2017/10/buy-alphabet-inc-googl-stock-on-the-next-pullback/ …
2017-10-10 09:56:16,Erroneous Dow Jones Newswire Story on Google/Apple $GOOGL $AAPL https://www.streetinsider.com/Trader+Talk/Erroneous+Dow+Jones+Newswire+Story+on+GoogleApple/13375481.html …
2017-10-10 09:55:17,k googl ke signifi z1zol1??
2017-10-10 09:54:28,Erroneous Dow Jones Newswire Story on Google/Apple $GOOGL $AAPL  https://www.streetinsider.com/Trader+Talk/Erroneous+Dow+Jones+Newswire+Story+on+GoogleApple/13375481.html …
2017-10-10 09:52:57,"$FB $TWTR and $GOOGL are going to get pounded over lawsuits, regulation, censorship, getting kicked out of countries, and EU taxes UGLY"
2017-10-10 09:49:39,Tarsier Is Somewhat Concerned With $DJIA Stratospheric Blow Off Top. $GOOGL $BIOS $CROX $INAP $SQ $BYD $CLVS $PN $IYT $TWO $DLTR pic.twitter.com/3BJicDfrCd
2017-10-10 09:47:28, https://seekingalpha.com/article/4112622-wall-street-breakfast-european-stocks-sluggish-amid-spanish-separatist-uncertainty?source=tweet … $SPY $QQQ $BA $F $FB $FUJHY $GM $HMC $KBSTY $MSBHY $NSANY $TM $GE $GOOG $GOOGL $PG
2017-10-10 09:47:06,"$GOOGL New study suggests that while Apple has an early mover advantage, that Google will be the big winner in aug…  https://stocknews.com/news/googl-why-alphabet-inc-googl-could-ultimately-win-the-ar-wars/ …"
2017-10-10 09:46:36,"Why is it surprising Russian ads through Google's network? If they spent money via $TWTR & $FB, only logical to expect $GOOG $GOOGL as well."
2017-10-10 09:45:09,NOW OFFERING 7 Day FREE Trial to  options day trading team Room or $TWTR feed   http://ow.ly/xinK30fJiDL  $SPY $AAPL $NFLX $TSLA $AMZN $GOOGL
2017-10-10 09:40:06,Sold $GOOGL for -$57 loss. Yesterday’s candle suspicious. Today’s action so far unconvincing.  pic.twitter.com/7ilbiuAxFE
2017-10-10 09:39:41,Alphabet Inc. (GOOGL) could break out on the upside but can we afford it?  http://dlvr.it/Ptd2zd  by @BruceKamich
2017-10-10 09:38:49,$NVDA 195C for next week looks good here #market #money #options #stocks #trading $AAPL $GOOGL $TSLA $FB $AMZN $SPX $QQQ
2017-10-10 09:33:06,Earn while you learn with super_trades  http://goo.gl/05OTIA  easy to replicate trading strategy! $RUSS $NXPI $GOOGL $SDRL
2017-10-10 09:30:11,ACTIVE TRADERS Try one of these FREE trading guides:   http://ow.ly/CpT030fJUz4  $NFLX $TSLA $AAPL $BABA $AMD $GS $FB $AMZN $GOOGL $NVDA
2017-10-10 09:27:45,"ADVERTISERS ARE GETTING NERVOUS About Their Marriage to Google, Facebook $GOOGL $FB - NBC News   http://hotpagenews.com/r/191042 "
2017-10-10 09:27:45,"ADVERTISERS ARE GETTING NERVOUS About Their Marriage to Google, Facebook $GOOGL $FB - NBC News   http://hotpagenews.com/r/191042 "
2017-10-10 09:25:52,チマチマとしか使ってなかったGoogl Play残高が妙に減っているような…消費税分？
2017-10-10 09:25:16,Tuesday Top Analyst Upgrades & Downgrades $GOOG $GOOGL $CHKP $CVX $LLY $INTC $MNKD $SLB $RIG $TMUS $S  http://ow.ly/8CYJ30fLWyg 
2017-10-10 09:25:01,Don't let the share price determine whether or not you buy a stock. Here's why: $AMZN $GOOGL $AAPL #stocks http://bit.ly/2mKsMFX 
2017-10-10 09:24:04,#investing #daytrading  Tuesday Top Analyst Upgrades & Downgrades   $GOOG $GOOGL $CHKP $CVX $LLY $INTC $MNKD $SLB $RIG $TMUS $S  http://247wallst.com/investing/2017/10/10/top-analyst-upgrades-and-downgrades-alphabet-check-point-chesapeake-energy-chevron-intel-mannkind-schlumberger-transocean-and-more/ …
2017-10-10 09:23:32,@LauraHuhtasaari Mieti-Tue_Luokaamme Postilaitoksen Yhteyteen FaceB-Googl-Utube- Palvelut &TuuKatsomaaNäyttelyä  http://www.terotakala.com/e-ars17.html  pic.twitter.com/RIKTYKRxcE
2017-10-10 09:21:57, https://seekingalpha.com/article/4112622-wall-street-breakfast-european-stocks-sluggish-amid-spanish-separatist-uncertainty?source=tweet … $SPY $QQQ $BA $F $FB $FUJHY $GM $HMC $KBSTY $MSBHY $NSANY $TM $GE $GOOG $GOOGL $PG
2017-10-10 09:16:24, https://seekingalpha.com/article/4112622-wall-street-breakfast-european-stocks-sluggish-amid-spanish-separatist-uncertainty?source=tweet … $SPY $QQQ $BA $F $FB $FUJHY $GM $HMC $KBSTY $MSBHY $NSANY $TM $GE $GOOG $GOOGL $PG
2017-10-10 09:15:45,The Atlantic’s 160th Anniversary Issue: November 2017 - The Tech Issue: The Science of Creativity; Inside Googl...  http://ow.ly/YN7F50ewzrN 
2017-10-10 09:15:11,"If you are not making money in this market & want consistency, try our team  http://ow.ly/em8V30fJiDK  $FB $NFLX $AMZN $AMD $TSLA $AAPL $GOOGL"
2017-10-10 09:14:53,"$GOOGL and $AMZN head to head again. 3mnth chart look similar, kinda of a double bottom lol"
2017-10-10 09:14:03,Alphabet Inc  (NASDAQ:GOOGL) Pre-market: 996.47 +4.16 (0.42%)  #GoogleFinance
2017-10-10 09:10:36,When I see my overnight plays gapping up pre-market. $INTC $CAT $AMZN $GOOGL $NVDA pic.twitter.com/fblhb4jqkz
2017-10-10 09:08:36,【推奨サイズまとめ】 #Facebook #Twitter #YouTube #Googl+ #Instagram の各プラットホームごとの #画像サイズ https://wp.me/p7f6EK-2yI 
2017-10-10 09:08:07,@Kehys_ Mieti-Tue_Luokaamme EuroopanPostilaitostenYhteyteen FaceB-Googl-Utube-  Palvelut &TuuKatsomaaNäyttelyä    http://www.terotakala.com/e-ars17.html  pic.twitter.com/86mSAfjnoO
2017-10-10 09:06:30,@Kehityslehti Mieti-Tue_Luokaamme EuroopanPostilaitostenYhteyteen FaceB-Googl-Utube- Palvelut &TuuKatsomaaNäyttelyä   http://www.terotakala.com/e-ars17.html  pic.twitter.com/VNC6uWwHmo
2017-10-10 09:03:40,Stock to watch: $BABA $BAC $AMZN $DESP $ESNT $FB $GOOGL $ICHR $LOGM $MLCO $NCLH $NFLX $OLED $PANW $PCTY $RACE $RNG $SEDG $STMP $TEAM  >>>
2017-10-10 09:00:35,"FCC licenses Alphabet to supply cell service to Puerto Rico  https://seekingalpha.com/news/3299953?source=ansh … $GOOG, $GOOGL"
2017-10-10 09:00:31,Don't miss our next FREE OPTION TRADE.  Sign up for our Daily Free Trades at  http://ow.ly/IoG930fJUz3  $NVDA $TSLA $GS $GILD $BABA $GOOGL $FB
2017-10-10 08:59:40,"Alphabet Over Amazon, And Why It Matters Thematically  https://seekingalpha.com/article/4112427?source=ansh … $GOOGL, $GOOG, $AMZN"
2017-10-10 08:54:26,October 2017 Stock Picking Contest is now Open!  http://reddit.com/r/Stocks_Picks … $AAPL $TSLA $AMD $NVDA $FB $GOOGL $DIA $SPY $SPX $DJIA $IWM $GM $MU pic.twitter.com/2C21BeK9p0
2017-10-10 08:53:20,I see only $GOOGL real clean from bottom on 15 minutes chart
2017-10-10 08:50:51,"@ProfDanielLyons: So what prompted #Google Fiber to cut the cable cord? Programming costs, #retrans blackouts  https://buff.ly/2kCATXD  $GOOGL  pic.twitter.com/bujx4HOtPp"
2017-10-10 08:48:16,I see stocks have 5ma cross 10ma on 15 minutes chart are: $AAPL $NFLX $GOOGL $AMZN $NVDA
2017-10-10 08:46:59,Just massive winners this year! $AMZN $GOOGL $BA $NVDA $INTC $CAT $PYPL $TSLA $BIDU $BABA $NFLX pic.twitter.com/9c6TL0GpkZ
2017-10-10 08:45:10,REAL TIME TRADE ALERTS via PRIVATE $TWTR FEED perfect for people who have FT jobs and trade part-time! $AMZN $NFLX $GOOGL $BABA $GS $FB
2017-10-10 08:30:12,ACTIVE TRADERS Try one of these FREE trading guides:   http://ow.ly/Meai30fJUz0  $NFLX $TSLA $AAPL $JPM $GS $FB $AMZN $GOOGL $NVDA
2017-10-10 08:22:49,"Morning Most Tweeted Big Caps, check out Gambiste Top 10: $GOOG $APC $INTC $CELG $GOOGL $HON $BABA $LLY $NVDA  http://gambiste.com/index.php/2017/10/10/gambiste-top-10-morning-most-tweeted-big-caps-70/ …"
2017-10-10 08:15:06,NOW OFFERING 7 Day FREE Trial to  options day trading team Room or $TWTR feed   http://ow.ly/3fbU30fJiDJ  $AGN $AAPL $NFLX $TSLA $AMZN $GOOGL
2017-10-10 08:15:00,Platforms Russia reportedly used to meddle in the 2016 election -Facebook ($FB) -Instagram -Twitter ($TWTR) -Google ($GOOGL) -YouTube -Gmail
2017-10-10 08:15:00,$GOOG $GOOGL #teampixel #pixelbook #googlehome #googlehomemini 👍🏽  http://rite.ly/K2jJ  pic.twitter.com/UYH1ehshWE
2017-10-10 08:13:08,Both Qualcomm and Nvidia adopting BlackBerry technology for their automotive platforms. $BBRY $NVDA $QCOM $AAPL $MSFT $GOOGL  pic.twitter.com/oTfm9ljQzQ
2017-10-10 08:12:08,"#Google uncovered Russia-backed ads on #YouTube , Gmail $GOOGL"
2017-10-10 08:04:57,"#Twitter #Googl #USA #NZ - - We pay to launch YOUR business using magic, changing Splash Pages:  http://bit.ly/2tdX8Xq  pic.twitter.com/EY5tY4PdJw"
2017-10-10 08:02:33,"$FB $GOOGL only an inch away from ATH, $GLD the 3rd up day to 20MA resistance."
2017-10-10 08:01:29,"The list includes Facebook Inc (FB.O), Twitter Inc (TWTR.N) and Alphabet Inc'ss (GOOGL.O)  http://ow.ly/FL5p30fHMZY "
2017-10-10 08:00:26,Don't miss our next FREE OPTION TRADE.  Sign up for our Daily Free Trades at  http://ow.ly/Zpu030fJUyZ  $NVDA $TSLA $GS $GILD $WMT $GOOGL $FB
2017-10-10 07:55:13,"If you manage money and dont own $NVDA, $AMZN, $GOOGL, $BABA and some Lithium & Tesla, I dont know if I'd trust you. 😃"
2017-10-10 07:54:08,$FB $GOOGL  The truth is most marketers are OK with the duopoly  https://digiday.com/marketing/truth-marketers-ok-duopoly/ … via @digiday
2017-10-10 07:54:08,googl【おっぱい　大きくする　方法】検索
2017-10-10 07:53:37,RT MikeSchiemer: Benefits Of Guest Blogging For SEO  http://www.myfrugalbusiness.com/2017/08/guest-blogging-seo-benefits-backlink-building.html … <-- Read  #CMO #SEO #Backlinks #Googl…  pic.twitter.com/rQMGOHV2E0
2017-10-10 07:38:25,$TSLA-Tesla Tumbles Almost 4 Percent | Stocks to Trade 10-10-17 | $GS $GOOGL $FB $TWTR  https://tradingeducationblogs.com/?p=224219  pic.twitter.com/r80CwjUW4f
2017-10-10 07:33:04,Buy Alphabet Inc (GOOGL) Stock on the Next Pullback (Laura Hoy/InvestorPlace)  http://dlvr.it/Ptbp95 
2017-10-10 07:30:10,ACTIVE TRADERS Try one of these FREE trading guides:   http://ow.ly/WCV630fJUAD  $NFLX $TSLA $AAPL $GILD $GS $FB $AMZN $GOOGL $NVDA
2017-10-10 07:23:33,"#SteveWozniak: ""#Google y #Facebook violan la privacidad de los usuarios"" vía @expansion_orbyt  http://bit.ly/2yVwcdI  #IT #tech #GOOGL #FB"
2017-10-10 07:03:18, http://smq.tc/1HZzRnE  4 Keys To Mastering Short Selling by timothysykes! $NFLX $GOOGL $INTC $YELP
2017-10-10 07:00:14,Don't miss our next FREE OPTION TRADE.  Sign up for our Daily Free Trades at  http://ow.ly/gUWu30fJUAB  $NVDA $TSLA $GS $PCLN $BAC $GOOGL $FB
2017-10-10 06:56:31,「元Googl米国本社副社長の村上氏の基調講演より」  https://goo.gl/R8UFQP 
2017-10-10 06:55:34, https://seekingalpha.com/article/4112622-wall-street-breakfast-european-stocks-sluggish-amid-spanish-separatist-uncertainty?source=tweet … $SPY $QQQ $BA $F $FB $FUJHY $GM $HMC $KBSTY $MSBHY $NSANY $TM $GE $GOOG $GOOGL $PG
2017-10-10 06:53:49,"$GOOG, $GOOGL, $FB - Despite Billion-Dollar Investments, Webscale Giants Still can't conquer last-mile connectivity  http://crweworld.com/newsroom/prnewswire?rkey=20171010NY10734&filter=10284 …"
2017-10-10 06:45:35,GOOGL - Buy Alphabet Inc (GOOGL) Stock on the Next Pullback - Buy Alphabet Inc (GOOGL) Stock on the Next Pullba...  http://ow.ly/IQ2950eworc 
2017-10-10 06:44:10, https://seekingalpha.com/article/4112622-wall-street-breakfast-european-stocks-sluggish-amid-spanish-separatist-uncertainty?source=feed_f … $SPY $QQQ $BA $F $FB $FUJHY $GM $HMC $KBSTY $MSBHY $NSANY $TM $GE $GOOG $GOOGL $PG
2017-10-10 06:43:05,#AutismAwareness #autismparent #autismo #autism TMI #autismmom criminal alert:kiran sharad deshpande.for info googl 'kiran sharad deshpande
2017-10-10 06:31:54, http://fb.me/89Py6sHb1 
2017-10-10 06:28:17,$GOOGL Company acquires Relay Media to convert ordinary web pages to AMP pages  https://stocknews.com/news/googl-company-acquires-relay-media-to-convert-ordinary-web-pages-to/ …
2017-10-10 06:27:50, http://fb.me/2eGibcQIP 
2017-10-10 06:26:19, http://fb.me/75XoPkYWI 
2017-10-10 06:25:20, http://fb.me/7p4eLRVGX 
2017-10-10 06:23:02, http://fb.me/wjXyTFmy 
2017-10-10 06:22:15, http://fb.me/9eVCcrRY2 
2017-10-10 06:10:09,"《定期》  ☆ Googl_SNSさん☆ パズドラ・モンスト垢販売の方です(^^)/ ★パズドラ★ ・強垢 ・魔法石多量垢 ・チートワンパン ★モンスト★ ・オーブ多量垢  その他に,,, 「データは売りたいけど、 詐欺には遭いたくない」 というか"
2017-10-10 06:02:58,Observa plantas de edificios en los Mapas Interiores de Googl  http://bit.ly/2l1tArL  #appsmovilesparaarquitectos pic.twitter.com/2WQsSYxwiH
2017-10-10 06:02:23,#ValEuropeen Val-d'Europe : Villeneuve-le-Comte et Villeneuve-Saint-Denis arrivent en janvier - Le Parisien  http://bit.ly/2fYzrK0  (Googl…
2017-10-10 06:01:56,"I think $NVDA & $BABA still have some room to run here & I also think $AMZN & $GOOGL with both see $1,000+ this week. Buying oct 13c"
2017-10-10 06:00:04,Observa plantas de edificios en los Mapas Interiores de Googl  http://bit.ly/2l1tArL  #appsmovilesparaarquitectos pic.twitter.com/VK4pVGlo4A
2017-10-10 05:57:20,$AAPL Sell Signal. Exit $GOOGL Immediately.....  https://youtu.be/o91gCTy8pU0 
2017-10-10 05:34:40,"The clarity of your hontent matters almost as much as what you're actually saying. (Googl, Webmasters)"
2017-10-10 05:22:50,Understanding and Trading the VIX  https://youtu.be/qkYUwJdwoIg  via @YouTube $ES_F $VIX $SPX $GOOGL $AMZN $AAPL $VVIX @TheoTrade
2017-10-10 05:01:42,Alphabet Inc. (GOOGL) Stock Rating Reaffirmed by Royal Bank Of Canada  http://ift.tt/2fWuz80 
2017-10-10 05:00:13,Ahead of the #LyftIPO #Google May Invest $1 Billion  http://bit.ly/2yc4MTM  #Lyft $LYFT $GOOG $GOOGL
2017-10-10 04:45:42,"GOOGL - Alphabet Inc: Google cloud, hardware push to boost stock - Jefferies  http://ow.ly/sD0150ewiPW "
2017-10-10 04:36:36,Third time's a charm for $GOOGL here as it is going for the 1k mark again? $AMZNis trading at 1k aswell. Resistance here could spell...
2017-10-10 04:17:10,Park Avenue Securities LLC Buys Shares of 739 Alphabet Inc. $GOOGL  http://ift.tt/2yCqPnN 
2017-10-10 04:16:22,Alphabet Inc. (GOOGL) Shares Bought by Ferguson Wellman Capital Management Inc.  http://ift.tt/2yUqXuI 
2017-10-10 04:12:24,Public Employees Retirement Association of Colorado Has $320.76 Million Holdings in Alphabet Inc. $GOOGL  http://ift.tt/2ycNyG3 
2017-10-10 04:10:09,Park Avenue Securities LLC Buys Shares of 739 Alphabet Inc. $GOOGL  http://ift.tt/2yCqPnN 
2017-10-10 04:07:46,"意外と  知ら ない？「Googl e Chrome 」で遊 べる""隠しゲ ーム""  - LINE NEWS  http://news.line.me/issue/internets/d83d5c906453?utm_source=Twitter&utm_medium=share&utm_campaign=none&share_id=Qjg07622811305 … #linenews @news_line_meさんから"
2017-10-10 04:07:38,"意外と知ら ない？「Googl e Chrome 」で遊 べる""隠しゲ ーム""  - LINE NEWS  http://news.line.me/issue/internets/d83d5c906453?utm_source=Twitter&utm_medium=share&utm_campaign=none&share_id=Qjg07622811305 … #linenews @news_line_meさんから"
2017-10-10 04:07:29,"意外と知ら ない？「Googl e Chrome 」で遊べる""隠しゲ ーム""  - LINE NEWS  http://news.line.me/issue/internets/d83d5c906453?utm_source=Twitter&utm_medium=share&utm_campaign=none&share_id=Qjg07622811305 … #linenews @news_line_meさんから"
2017-10-10 04:07:23,"意外と知ら ない？「Googl e Chrome 」で遊べる""隠しゲーム""  - LINE NEWS  http://news.line.me/issue/internets/d83d5c906453?utm_source=Twitter&utm_medium=share&utm_campaign=none&share_id=Qjg07622811305 … #linenews @news_line_meさんから"
2017-10-10 04:07:16,"意外と知らない？「Googl e Chrome 」で遊べる""隠しゲーム""  - LINE NEWS  http://news.line.me/issue/internets/d83d5c906453?utm_source=Twitter&utm_medium=share&utm_campaign=none&share_id=Qjg07622811305 … #linenews @news_line_meさんから"
2017-10-10 04:07:00,"意外と知らない？「Googl e Chrome」で遊べる""隠しゲーム""  - LINE NEWS  http://news.line.me/issue/internets/d83d5c906453?utm_source=Twitter&utm_medium=share&utm_campaign=none&share_id=Qjg07622811305 … #linenews @news_line_meさんから"
2017-10-10 04:01:41,"$MSFT and $INTC hit new highs Monday. $GOOGL $FB $AMZN & $AAPL are close to highs, but lagging their old school counter-parts on the charts pic.twitter.com/kQAjlBbTuJ"
2017-10-10 03:54:05,"Google's Creepy New Camera Won't Hurt #GoPro @themotleyfool #stocks $GOOGL, $GOOG, $GPRO, $SNAP  https://www.fool.com/investing/2017/10/07/googles-creepy-new-camera-wont-hurt-gopro.aspx … #googleclips"
2017-10-10 03:53:04,"Google Desperately Tries to Counter #Snapchat @themotleyfool #stocks $GOOGL, $FB, $GOOG, $SNAP  https://www.fool.com/investing/2017/10/09/google-desperately-tries-to-counter-snapchat.aspx … #socialmedia"
2017-10-10 03:29:34,【この記事はもう読んだ？】 Google Home Miniの画像がGoogle Homeのアプリから見つかる ２０１７年１０月４日にGoogleが公開している「Google Home」のアプリケーションから、未発表の「Googl  http://news-coffee.com/2017/10/04/google-home-mini%e3%81%ae%e7%94%bb%e5%83%8f%e3%81%8cgoogle-home%e3%81%ae%e3%82%a2%e3%83%97%e3%83%aa%e3%81%8b%e3%82%89%e8%a6%8b%e3%81%a4%e3%81%8b%e3%82%8b/ …
2017-10-10 03:26:10, http://bit.ly/2fry3Bj   This newsletter provides resources needed to get started with penny stocks  $YMC $CM $NKE $GOOGL
2017-10-10 03:19:26,Qui Radio Londra: Perché la rete può ingabbiare i ragazzi. Parla l’ex ministro britannico Joanna Shields (ex Googl…  http://ift.tt/2y8vlap 
2017-10-10 03:17:35,「米国では11月発売で、価格は159ドル(約1万8000円)。ほかにカナダ、イギリス、ドイツ、オーストラリア、シンガポールでも11月に発売するとのこと。残念ながら日本はここに含まれていません」#daycatch / “Googl…”  http://htn.to/J3Lak1v 
2017-10-10 03:04:20,Send RSS feed update to any email every day.  http://forward.fullcontentrss.com  #autoblog #adsense | How to Write a Strong SEO Title Tag that Googl…
2017-10-10 02:48:24,【アプリ情報】 綾部がアプリに登場だ！ 今日から綾部のプロデューサーにならないか(о´∀`о)  くるたまアプリ AppStore  https://itunes.apple.com/us/app/kurutama/id1169861209?l=ja&ls=1&mt=8 … Googl
2017-10-10 02:25:13,My PT   $momo $59 $baba   $218 $googl  $1400 $celg     $201 $pcln     $2184 $sorl     $13 $aapl.   $180.37
2017-10-10 02:18:34,"Google Duo Integrated With Pixel 2's Dialler App, Could Come to Other Smartphones: Report - NDTV  http://ift.tt/2y5ld4N  #technology Googl…"
2017-10-10 02:18:10,$googl is going to $1400+  There I said it.
2017-10-10 01:11:00,I don't mind getting stopped out of a trade -  here's why: $FB $AMZN $GOOGL $NFLX $AAPL $TSLA http://bit.ly/2jgwr08 
2017-10-10 00:55:18,"$AMZN #Amazon is considering a more serious bid against #YouTube, ad industry sources say  https://www.cnbc.com/2017/10/09/amazon-more-serious-about-battling-youtube-ad-industry-sources.html … $GOOG $GOOGL #stocks $AAPL"
2017-10-10 00:54:48,googl
2017-10-10 00:17:13,Indicator Level Review for Fonterra Shareholders` Fund Units (FSF.NZ) - Berry Recorder ☄ #vrai777 ⛱ $v ℅ #OpenSource ⚡ http://news.googl…
2017-10-10 00:08:55,UNIVERSO PARALLELO: Posto di lavoro migliore al mondo: record di Googl...  http://universonokiaparallelo.blogspot.com/2016/10/posto-di-lavoro-migliore-al-mondo.html?spref=tw …
2017-10-10 00:08:09,"29 states have legal pot. Jeff Sessions wants to stamp it out, and he's closer than you think   http://www.latimes.com/politics/la-na-pol-congress-pot-20171007-story.html …  Shared from my Googl"
