date,tweet
2018-02-26 18:59:42,$WUHN @SDT_Holdings Not just a Crypto Company. msft $amzn $fb $goog $jnj $jpm $googl $bac $wfc $wmt $cvx $hd $pg $unh $pfe $qcom $adbe $v $nflx $chtr #StockMarket #merger #acquisition #earnings #investing #stocks #NYSE #WallStreet #NASDAQ PR link here  http://m.digitaljournal.com/pr/3673229  https://twitter.com/sdt_holdings/status/968246903287754752 …
2018-02-26 18:58:47,さすがgooglわかってる  https://twitter.com/CandleSnow66/status/386358372250841088/photo/1 pic.twitter.com/VwgJ2ZmMMD 
2018-02-26 18:55:21,"$AAPL $GOOGL  Yes, this is true.   https://www.cnbc.com/2018/02/26/apple-confirms-it-uses-google-cloud-for-icloud.html …"
2018-02-26 18:44:09, http://smq.tc/2frwPpF  < Are Tim’s Stock Alerts Worth It??? $BAC $GOOGL $FB
2018-02-26 18:41:28,{NEW VIDEO} Stock Analysis + Trade Ideas: $AMZN $GOOGL $NFLX $TSLA $BIDU $MU - click here to watch >>  https://www.thetradinganalyst.com/2-26-18-how-to-trade-stocks-amzn-nflx-tsla-googl-mu-b/ … pic.twitter.com/8TaQ6RaCOl
2018-02-26 18:31:46,GOOGL 2018 Trades for All Products.   $SPY $QQQ $IWM $TLT $GLD $AAPL $AMZN $BIDU $GOOG $NFLX $FB $TSLA $BABA $NVDA $GS $SQ $WYNN $CMG $JPM $X  Join for FREE.  Real-Time Updates at:  http://www.marketmatrixtrading.com  pic.twitter.com/k9tEW7eAOH
2018-02-26 18:30:50,The market-capitalization race: New high for $AMZN today.   $AAPL  $908 billion $GOOGL  $794 $AMZN  $737 $MSFT  $735 $FB   $537
2018-02-26 18:24:51,@MillerValue @JeffBezos @jack @GCPcloud $AMZN $GOOGL $FNGU #FANG https://twitter.com/GCPcloud/status/968265218479534080 …
2018-02-26 18:09:55,with-itの葉月めいちゃん♡ この子の声 聞いてみて〜！！！ 独特で面白い世界観！  バトルオブブレイド 決勝参加中！！！  https://googl/AQRZru 一緒にアリーナで遊ぼ〜〜♡  https://www.showroom-live.com/mei_EDGE?r=a.b533f941 …
2018-02-26 18:08:20,"My Swing Trading results for March. When the mkt traded lower, the Splash Zone finished higher. $AAPL $GOOGL $FB  http://bit.ly/2pQtJfA  pic.twitter.com/6IL1O2wbX3"
2018-02-26 18:01:23,"In The Market II: @PaloAltoNtwks has a strong fiscal Q2 report, reaffirming the broad strength in #software #stocks. At least five separate IBD software industry subgroups up 12%+ since Jan. 1. More in this ""Stock Market Today"" column  http://ow.ly/RlNG30iDb1W  $PANW $GOOGL"
2018-02-26 18:01:05,Stocks Extend Recent Rally Amidst Rates Stabilizing - Simply Stock Info  http://simplystockinfo.com/daily-recap/stocks-extend-recent-rally-amidst-rates-stabilizing/ … $SPY $DIA $QQQ $USO $XOM $AAPL $MSFT $AMZN $JPM $BRK $GOOGL #stocks #earnings #StockMarket #CNBC #Buffett pic.twitter.com/2eDbXngGK4
2018-02-26 18:00:53,GET REAL TIME WINNING TRADE ALERTS VIA PRIVATE TWITTER FEED -   http://www.tradewithjoe.com/free-trade-alerts/ … $SPX $SPY $VXX $VIX $SVXY $FB $AMZN $NFLX $GOOGL $TSLA + MORE pic.twitter.com/IYdQNKrYgq
2018-02-26 18:00:29,更新しました！ オレ的ニュース速報//再婚＆婚活まとめ : ✺【速報で～す！】NTTがSkypeをスポイルしている世界で一番遅れている様では国際的グローバル化には程遠い！Googl  http://oretekisaikonkonkatsumatome.blog.jp/archives/24686661.html … pic.twitter.com/HQaIjl7hpy
2018-02-26 17:56:19,"I'm pretty sure FANG stocks have become the ""new gold""... $FB $AMZN $NFLX $GOOGL $GLD #gold #FANG"
2018-02-26 17:55:47,$FDN - $FB $AMZN $NFLX $GOOGL  https://twitter.com/cfromhertz/status/968253453641363456 …
2018-02-26 17:40:15,"@CNN Boss Jeff Zucker Calls on Regulators to Probe Google, Facebook  https://buff.ly/2oyyITR  @brianstelter $GOOGL $FB pic.twitter.com/SHfCgNTz5B"
2018-02-26 17:40:12,更新しました！ 【真面目に更新】 ジャニーズ365日 : ✺【速報で～す！】NTTがSkypeをスポイルしている世界で一番遅れている様では国際的グローバル化には程遠い！Googl  http://johnnyjohnnyeveryday.blog.jp/archives/29997326.html … pic.twitter.com/8TGQBy3vuP
2018-02-26 17:39:52,"MSA SHIRTS PRE-ORDER: This year's design is attached below! Make sure to fill out this googl doc:  https://docs.google.com/forms/d/e/1FAIpQLSemEkQb1hlYsvHLdJDtSeDDQsn-vBoJ25HN3JSzVAwRgA8aow/viewform …  AND venmo @VCUMSA. The shirt will be long-sleeve, the price is $13. pic.twitter.com/xW4D3Ae1xt"
2018-02-26 17:36:27,$FDN - Internet ETF  - 52 week high  - FANG stocks $AMZN $GOOGL $NFLX $FB are the largest weights in this ETF - TTG long established on 2/12 pic.twitter.com/6EyQwDSmm5
2018-02-26 17:30:29,更新しました！ 【文春砲炸裂！】週刊文春まとめ　ネット版 : ✺【速報で～す！】NTTがSkypeをスポイルしている世界で一番遅れている様では国際的グローバル化には程遠い！Googl  http://bunsyunhousakuretsu.blog.jp/archives/22472502.html … pic.twitter.com/PYHaJy4AS2
2018-02-26 17:30:26,更新しました！ 【動画＆記事】オカルトまとめTV！ネット版 : ✺【速報で～す！】NTTがSkypeをスポイルしている世界で一番遅れている様では国際的グローバル化には程遠い！Googl  http://ufoumafeartvwalkingdead.blog.jp/archives/22472497.html … pic.twitter.com/BYPESvgDl7
2018-02-26 17:24:22,Big Tech shake-up — three stocks to buy and three to sell  http://on.mktw.net/2ClV83X  $MSFT $CSCO $AMZN $FB $GOOGL $NVDA
2018-02-26 17:21:29,$GOOGL * MaxAct. [21189.2] MaxEst.[20868.84] Ult. [21189.2] MinAct. [21078] MinEst. [20724.6266] #BMV #TRMX...  https://fb.me/9C3P3WfFq 
2018-02-26 17:16:59,$GOOGL $AAPL $MSFT $DFEN $IFLY $VOX $HACK $CIBR $BAH $SKYY Top A.I. experts warn of a 'Black Mirror'-esque future with swarms of micro-drones and autonomous weapons https://www.cnbc.com/2018/02/21/openai-oxford-and-cambridge-ai-experts-warn-of-autonomous-weapons.html …
2018-02-26 17:15:12,"Brave New World of #Driving: #ArtificialIntelligence and #AutonomousDriving #Stocks  - Co's Mentioned #GopherProtocol (OTCQB: $GOPH) #Tesla (NASDAQ: $TSLA) #Intel (NASDAQ: $INTC) #Alphabet (NASDAQ: $GOOG, NASDAQ: $GOOGL) #STMicroelectronics (NYSE: $STM)  http://www.investorideas.com/CO/GOPH/news/2018/02261AI.asp … pic.twitter.com/fw0M99azt2"
2018-02-26 17:13:20,$GOOG $GOOGL  https://seekingalpha.com/article/4150503-google-youtube-tv-gets-10-billion?source=tweet …
2018-02-26 17:13:01,"$GOOGL Here come da' SONIC boom! -50 pts. Weekly trade. Enter on 30 min Close-Close =< 1139.76, Exit 1089.72. Forward liquidity binary is ON (1 vs. 0). Trade window: 30 min straddle of Monday 3/5 close. Over to you 🤖  pic.twitter.com/aItX0OtGsZ"
2018-02-26 17:10:59,$GOOGL  http://demo.FinGraphs.com  Pot. cont. Uptrend INTRAWEEK 60m-15m-4m combo chart #Google #Trading pic.twitter.com/ZrXL2ElgZD
2018-02-26 17:08:18, http://42stocks.com/technology  | 42s top5 $QBAK $ZEN $RNG $NVDA $YNDX | top5 mktGain $AAPL $GOOG $GOOGL $MSFT $CSCO | top5 mktLoss $mindp $mtbcp $sckt $eltk $elon | top5 pctGain $VERI $DTRM $FORTY $PXLW $FRSX pic.twitter.com/GaMrJXr4tC
2018-02-26 17:04:30,"Alphabet Inc.(""Google"") - Class A (GOOGL) price at close, 2018-02-26, is 1138.53.  pic.twitter.com/70da2QGrbX"
2018-02-26 17:03:33,"Alphabet Inc.(""Google"") - Class A (GOOGL) price at close, 2018-02-26, is 1138.53."
2018-02-26 17:01:28,"Another good day for Big Tech, old and new:  $AMAT +3.2% $CSCO +3.1 $INTC +2.9 $NFLX +2.9 $AMD +2.9 $AAPL +2.0 $MSFT +1.4 $GOOGL +1.4  vs Nasdaq +1.2%"
2018-02-26 17:00:55,"Alphabet Inc.(""Google"") - Class A (GOOGL) price at close, 2018-02-26, is 1138.53 USD. #Stocks #Google #GOOGL"
2018-02-26 16:59:12,#Options #maxpain chart for $GOOGL. Free options app  http://www.mobileinteractive.com/superstocks  pic.twitter.com/9w7k6ghXhR
2018-02-26 16:55:41,"Old enough to remember when $GE was the largest company of the world 20 years ago? Ever since, it has become victim of its structure as conglomerate and herein losing track on technological advances in key areas (power, electrics). Reminder for $AMZN, $FB and $GOOGL"
2018-02-26 16:55:09,Who buys $FIT at 4$? $AAPL $AMZN $TSLA $NFLX $MSFT $GOOGL ?
2018-02-26 16:53:32,"RT from IEEESpectrum: ""The new chair of Alphabet/Google spoke with teklaperry about bitcoin, AI, and how the tech industry can be a force for good:  https://buff.ly/2EXfRsv  $GOOGL  pic.twitter.com/BDCGvlPq6I"""
2018-02-26 16:52:03,"This week, Alphabet (GOOGL) stays a Hold (Portfolio Grader/InvestorPlace)  http://dlvr.it/QHxSyG "
2018-02-26 16:49:13,"RT from IEEESpectrum: ""The new chair of Alphabet/Google spoke with teklaperry about bitcoin, AI, and how the tech industry can be a force for good:  https://buff.ly/2EXfRsv  $GOOGL  pic.twitter.com/uDgqzoJnUg"""
2018-02-26 16:47:04,"The new chair of Alphabet/Google spoke with @teklaperry about bitcoin, AI, and how the tech industry can be a force for good:  https://buff.ly/2EXfRsv  $GOOGL  pic.twitter.com/SndDEq268p"
2018-02-26 16:45:11,Setups liked that we'll be watching tomorrow. $PANW $FEYE $XBI $BB $AAPL $PI $GDX $NUGT $SLV $MA $V $AMZN $GOOGL $XLF $FAS $DAX $YINN $SPY
2018-02-26 16:42:39,"👉 Google’s New Fact-Check Feature Targets Conservative Sites $GOOGL║ https://hedgeaccordingly.com/2018/01/googles-new-fact-check-feature-targets-conservative-sites-googl.html …   Entered The #Conservatives Zeitgeist   On January 10, 2018@1:30pm"
2018-02-26 16:35:19,"Al cierre de hoy $GOOGL cierra con precio por acción de $1143.7 dólares, un cambio de 1.38% comparado con el precio de cierre del día anterior."
2018-02-26 16:35:17,"Al cierre de hoy $GOOGL cierra con precio por acción de $1143.75 dólares, un cambio de 1.51% comparado con el precio de cierre del día anterior."
2018-02-26 16:25:00,"Investors Are Heavily Discounting Google, Facebook's Growth Prospects, Says KeyBanc  https://benzinga.com/z/11260032  $FB $GOOGL"
2018-02-26 16:23:27,"The latest headache for tech giants $AAPL $AMZN $GOOGL involves the @NRA, @francescamarief writes @TheStreet. http://www.thestreet.com/story/14500410/1/petition-calls-for-amazon-to-cut-ties-with-nra.html …"
2018-02-26 16:18:40,Want the latest analyst ratings on $BITE $CIB $GOOGL $OPK $FGP? Get Them Delivered to Your Inbox  http://bit.ly/arndailyw 
2018-02-26 16:17:32,"Feb 26 Monday, $GOOGL closed $1,143.70"
2018-02-26 16:15:12,Google Flights will now predict airline delays – before the airlines do  http://bit.ly/2GKdQQO  #GoogleFlights #GOOGL #machinelearning #bigdata #predictiveanalytics #AI pic.twitter.com/8fUQ1xf9Xm
2018-02-26 16:14:04,"Apple confirms that it's a Google Cloud customer — and it's a big victory for Google cloud boss Diane Greene (MSFT, GOOG, GOOGL, AAPL)  http://dlvr.it/QHxJ1V  #Startup #Management pic.twitter.com/z92UNXxVt6"
2018-02-26 16:06:06,Today's million dollar PUT #options trade: $AAPL $AMZN $OLED $TAP $WFC $TSLA $CSX $CMG $FB $QCOM $ROKU $GOOGL $LULU $NFLX $VALE $PCLN $BABA $MU $NTRI $GE ... https://appsto.re/i6hH3LG 
2018-02-26 16:04:55,Thanks $GOOGL :) and Thanks $ES $NQ for paving the way. pic.twitter.com/VUuD3cW2p9
2018-02-26 15:50:08,"#ArtificialIntelligence & #AutonomousDriving #Stocks;  Brave New World of #Driving - Co's Mentioned: #GopherProtocol (OTCQB: $GOPH) #Tesla (NASDAQ: $TSLA) #Intel (NASDAQ: $INTC) #Alphabet Inc (NASDAQ: $GOOG, NASDAQ: $GOOGL) #STMicroelectronics (NYSE: $STM)  http://www.investorideas.com/CO/GOPH/news/2018/02261AI.asp … pic.twitter.com/KggzQtMJTj"
2018-02-26 15:43:17,"A Geezer$ Alert :  GOOG,GOOGL: Are You Concerned About Alphabet's Ad-Blocking?  https://goo.gl/fb/qnwkjb "
2018-02-26 15:41:49,5 Hot Stocks With Huge Revenue Drivers Ahead  http://bit.ly/2BU6sU1  $AMZN $TMUS $GOOGL $CZR $UNH
2018-02-26 15:41:27, http://42stocks.com/technology  | 42s top5 $QBAK $ZEN $RNG $NVDA $YNDX | top5 mktGain $AAPL $GOOG $GOOGL $MSFT $CSCO | top5 mktLoss $bdr $sckt $spi $kone $rbcn | top5 pctGain $VERI $FRSX $FORTY $DTRM $PXLW pic.twitter.com/7DeRUOjqre
2018-02-26 15:37:55,Googledocumentで音声入力でインタビューの文字起こしやってたら、政治に関してニュース見ます？が精子に関してニュース見ます？になって、Googlさんも深夜帯でテンションおかしくなってる。
2018-02-26 15:37:13,$GOOG #GOOGLE $GOOGL  https://seekingalpha.com/article/4150822-concerned-alphabets-ad-blocking?source=feed_f …
2018-02-26 15:29:52,"Search engines sent more traffic to publishers than social media in 2017 (GOOGL, GOOG) [unable to retrieve full-text content] This represents a market shift, as social had sent websites more visits since 2014… #Business Insider The...  http://www.moneyhealthfinance.com/search-engines-sent-more-traffic-to-publishers-than-social-media-in-2017-googl-goog/ … #tech #bitcoin #news pic.twitter.com/1yIopQiGob"
2018-02-26 15:23:04,Moi répond à un commentaire sur facebook sur un truc qui fait peur : blablabla... Screamer... Moi : ça s'écrit comme ça screamer ? Je vais taper sur googl... CERVEAU : KIKA  Moi : Ah oui bon on va l'écrire comme ça
2018-02-26 15:21:07,$goog #googl $twtr $spi $dow $ko $lode $tops $etrn $ptop $slio $flsr $sanp $tbone $btc $ltc #daytrades $long $gm $grnh $bldv $btgi $ntlk $aftc $wuhn $pura $vate #pennystocks #stocks #wallstreet #marketwatch #stockwatch Revenue producing energy drinks + New Product Rumors🌪️HCEI pic.twitter.com/Jq8FJSSbDB
2018-02-26 15:11:28,$GOOGL 1140C $7.00 Was up 50% in the morning Turned to red later Now up 45% One contract
2018-02-26 15:09:23,"It’s 3 PM do you know where your money is? 🤑🤑The major indexes have recouped the bulk of the February correction!👍👍Dow + 350🤑🤑NASDAQ + 71🤑🤑 New All Time Highs JPM , AMZN, NFLX 👍👍TSLA + 6🤑👍AAPL + 3😬😬GOOGL +13 🤑🤑🤑🤑🤑👍👍👍"
2018-02-26 15:07:44,Still no chance to roll it over with JPM and GOOGL right near the highs of the day.
2018-02-26 15:02:52,"Search engines sent more traffic to publishers than social media in 2017 (GOOGL, GOOG)  http://www.moneyhealthfinance.com/search-engines-sent-more-traffic-to-publishers-than-social-media-in-2017-googl-goog/ …"
2018-02-26 15:00:41,"Brave New World of #Driving: #ArtificialIntelligence & #AutonomousDriving #Stocks  - Co's Mentioned: #GopherProtocol (OTCQB: $GOPH) #Tesla (NASDAQ: $TSLA) #Intel (NASDAQ: $INTC) #Alphabet Inc (NASDAQ: $GOOG, NASDAQ: $GOOGL) #STMicroelectronics (NYSE: $STM)  http://www.investorideas.com/CO/GOPH/news/2018/02261AI.asp … pic.twitter.com/JVolGXQxub"
2018-02-26 14:59:00,$GOOGL new high on the day but not the various call spreads i own.🤔
2018-02-26 14:58:33,"Apple confirms that it's a Google Cloud customer — and it's a big victory for Google cloud boss Diane Greene (MSFT, GOOG, GOOGL, AAPL)  http://www.gistpartner.com/index.php/2018/02/26/apple-confirms-that-its-a-google-cloud-customer-and-its-a-big-victory-for-google-cloud-boss-diane-greene-msft-goog-googl-aapl/ … pic.twitter.com/lIjdwFAfD9"
2018-02-26 14:53:59,fear is still elevated. so ask why? here are the megacaps. #FANG gang +$AAPL $MSFT.  $FB $AMZN $NFLX $GOOGL $GOOG  https://www.tradingview.com/x/uV22hEkd/ 
2018-02-26 14:50:45,Googl'ing Tyler Mottee #Canucks
2018-02-26 14:48:06,$GOOGL: The long and short term trends are both positive. This is looking good!  https://www.chartmill.com/analyze.php?utm_source=twitter&utm_medium=TA&utm_content=TA&utm_campaign=social_tracking#/GOOGL?key=b499dbfa-898a-47fd-b995-82dbbc8d1753 … pic.twitter.com/3tQuc8HD5r
2018-02-26 14:42:44,"10 Things To Know. Apple confirms that it's a Google Cloud customer — and it's a big victory for Google cloud boss Diane Greene (MSFT, GOOG, GOOGL, AAPL)  http://ift.tt/2BRDKTu "
2018-02-26 14:39:43,"Apple confirms that it's a Google Cloud customer — and it's a big victory for Google cloud boss Diane Greene (MSFT, GOOG, GOOGL, AAPL)  http://ift.tt/2BRDKTu  johnangel1977"
2018-02-26 14:38:17,"New post: ""Apple confirms that it's a Google Cloud customer — and it's a big victory for Google cloud boss Diane Greene (MSFT, GOOG, GOOGL, AAPL)""  http://ift.tt/2BRDKTu "
2018-02-26 14:38:03,"Apple confirms that it's a Google Cloud customer — and it's a big victory for Google cloud boss Diane Greene (MSFT, GOOG, GOOGL, AAPL)  http://ift.tt/2BRDKTu "
2018-02-26 14:38:01,"Apple confirms that it's a Google Cloud customer — and it's a big victory for Google cloud boss Diane Greene (MSFT, GOOG, GOOGL, AAPL)  http://ift.tt/2BRDKTu  #interesting"
2018-02-26 14:36:23,$goog #googl $twtr $spi $dow $ko $lode $tops $etrn $ptop $slio $flsr $sanp $tbev $btc $ltc #daytrades $long $gm $grnh $bldv $btgi $ntlk $aftc $wuhn $pura $vate #pennystocks #stocks #wallstreet #marketwatch #stockwatch #multibagger 2.337 million in Revenue 2017 moving on 10K🌐TPNI pic.twitter.com/91tELYnmcG
2018-02-26 14:36:01,"Apple confirms that it's a Google Cloud customer — and it's a big victory for Google cloud boss Diane Greene (MSFT, GOOG, GOOGL, AAPL)  http://ift.tt/2BRDKTu "
2018-02-26 14:35:19, http://42stocks.com/technology  | 42s top5 $QBAK $ZEN $RNG $NVDA $YNDX | top5 mktGain $AAPL $MSFT $GOOG $GOOGL $CSCO | top5 mktLoss $bdr $inpx $shsp $rbcn $mtbcp | top5 pctGain $DTRM $FRSX $VERI $FORTY $ACY pic.twitter.com/GSSbgXdIlo
2018-02-26 14:34:26,"Big deal for $FB, $GOOGL $AMZN - EU plans new tax for tech giants up to 5 percent of gross revenues https://reut.rs/2HP2igs "
2018-02-26 14:20:17,$GOOGL Hourly  pic.twitter.com/rAxyiHJkQ7
2018-02-26 14:17:01,"Google ""Auto Ads"" makes placement + monetization choices using machine learning  http://bit.ly/2EW631Z  AI without human oversight or control may be more convenient/easier, but already has led to overloading pages with ads. Google chooses in its favor. #AI #machinelearning #GOOGL  pic.twitter.com/R4mVr7D2pY"
2018-02-26 14:14:32,"Long $MU calls $XLV calls $MA calls, long common in $NVDA $BABA $AAPL $GOOGL $BA $MMM $NFLX. Sold $AMZN this morning at 1520."
2018-02-26 14:10:13,$GOOGL $AAPL https://twitter.com/businessinsider/status/968196427993280514 …
2018-02-26 14:09:37,【過去記事】 BGMによい！ボカロ曲ぼくのおすすめプレイリスト！ 皆さんは自分のBGMってありますか。 Googl play musicなど音楽と生活の繋がりは日々進化しています。 主役となるものを引き立て、 生  http://rviv.ly/5MGUo 
2018-02-26 14:07:53,Apple up 2% today and not far from all-time high. $AAPL market value now almost $910 billion. How long before it winds up as first US company to reach $1 trillion? (Assumimg $GOOGL or $AMZN doesn't beat it there.) 🍎 🍏 pic.twitter.com/c5fl5fGiG7
2018-02-26 14:05:44,Perfect mobile massager now on Google Play !! Super hard vibration !!  https://play.googl #バイブ #バイブレーター #マッサージ
2018-02-26 14:05:40,yoo can jus googl it archbold .. that dus be wot i dus. it dusnt matta bowt winchesta cos we gows ther kwite alot
2018-02-26 14:03:55,"🤔SO I just learned using a '$' in front of a company stock symbol is like a hashtag on Twitter. $GE $appl $GOOGL etc... BUT, it works for '#' on any word...anywho, I did not know that! $hit $hutUp $icko $illy $uckit (under 6 letters that is) #UselessInformation"
2018-02-26 14:01:50,$GOOG $GOOGL gap at an all time... Is there no value for the vote that comes with $GOOGL? Will $GOOG ever be higher than $GOOGL? Defies logic though...  pic.twitter.com/aDCHec6ewB
2018-02-26 14:01:13,#NothingMatters $NDX $QQQ $FB $GOOG $GOOGL $AMZN https://twitter.com/Reuters/status/968198408140881920 …
2018-02-26 14:01:08,"Top #money flow today. Free stocks app  http://www.mobileinteractive.com/superstocks  $BABA, $QQQ, $NXPI, $SPY, $TV, $BRK.B, $BAC, $AAPL, $VCSH, $MSFT, $NVDA, $DIA, $AGG, $EEM, $TAL, $TQQQ, $IWM, $GOOGL, $AABA, $WMT pic.twitter.com/m3EgZCKchF"
2018-02-26 14:00:47,"#ArtificialIntelligence and #AutonomousDriving #Stocks; Brave New World of #Driving - Co's Mentioned #GopherProtocol (OTCQB: $GOPH) #Tesla (NASDAQ: $TSLA) #Intel (NASDAQ: $INTC) #Alphabet Inc (NASDAQ: $GOOG, NASDAQ: $GOOGL) #STMicroelectronics (NYSE: $STM)  http://www.investorideas.com/CO/GOPH/news/2018/02261AI.asp … pic.twitter.com/qg6GwR5RqZ"
2018-02-26 14:00:16,"""Apple confirms that it's a Google Cloud customer — and it's a big victory for Google cloud boss Diane Greene (MSFT, GOOG, GOOGL, AAPL)""   http://www.businessinsider.com/google-scores-victory-over-amazon-apple-is-a-cloud-customer-2018-2 … #theaveragejoe #technology #feedly"
2018-02-26 13:58:27,"Apple confirms that it's a Google Cloud customer — and it's a big victory for Google cloud boss Diane Greene (MSFT, GOOG, GOOGL, AAPL)  http://read.bi/2BUvdiW "
2018-02-26 13:57:34,I've just posted a new blog: Get 30% off Google Home Hands-Free Personal Assistant White/Slate $79.00  http://ift.tt/2EWGfCO   Get 30% off Google Home Hands-Free Personal Assistant White/Slate.Get 30% off Google Home Hands-Free Personal Assistant White/Slate.  Get 30% off Googl…
2018-02-26 13:56:51,You could argue both points about the other 2 names and $googl to a degree 😎
2018-02-26 13:48:01,sure looks like a wave 3 of 5 here $SPX $TQQQ $DJI $QQQ $IWM $NVDA $AMZN $GOOGL $NFLX https://twitter.com/brainhoits/status/967309286962618369 …
2018-02-26 13:39:04,$SPX $QQQ $MSFT $AAPL $NFLX $NVDA $GOOG $GOOGL $AMZN Why overcrowding in tech stocks is still risky https://www.marketwatch.com/story/why-overcrowding-in-tech-stocks-is-still-risky-2018-02-26 …
2018-02-26 13:35:00,Facebook & Google: An ‘Irrational’ Price for Growth $FB $GOOG $GOOGL  http://bit.ly/2F9aR7k  pic.twitter.com/oUNxHJNlus
2018-02-26 13:31:21,"8 Huge Tech, Gaming and Internet Catalysts That May Be Game Changers $TCEHY $ATVI $SHOP $AMZN $GOOGL $AAPL $MSFT  https://247wallst.com/technology-3/2018/02/26/8-huge-tech-gaming-and-internet-catalysts-that-may-be-game-changers/ …"
2018-02-26 13:11:03,$AAPL He is spot on if ur not risking ur not living and cearly reason why there is no $AAPL or $GOOGL in India #India #creativity  https://www.indiatoday.in/technology/news/story/indians-study-hard-and-get-mba-may-be-buy-mercedes-but-lack-creativity-apple-co-founder-steve-woz-1177668-2018-02-26 …
2018-02-26 13:08:44,$TVOG @PrimeStarBit HUGE CATALYST INCOMING $msft $amzn $fb $goog $jnj $jpm $googl $bac $wfc $wmt $cvx $hd $pg $unh $pfe $qcom $adbe $v $nflx $chtr $cost #StockMarket #merger #acquisition #earnings #investing #stocks #NYSE #WallStreet #NASDAQ https://twitter.com/otcwealthmgmt/status/968180327230435330 …
2018-02-26 13:02:10, http://bit.ly/2xPf0KZ  **Check out the best biotech stock alerts service on Wall Street  $GOOGL $ATHM $PNTR
2018-02-26 13:01:07,"Top #money flow today. Free stocks app  http://www.mobileinteractive.com/superstocks  $BABA, $SPY, $NVDA, $QQQ, $VCSH, $BRK.B, $NXPI, $EEM, $BAC, $MSFT, $GOOG, $TQQQ, $AGG, $WMT, $TAL, $GOOGL, $TV, $CTAS, $IWM, $AAPL pic.twitter.com/Au6WjF92qN"
2018-02-26 13:01:06,Today's million dollar PUT #options trade update: $AAPL $AMZN $OLED $TAP $WFC $TSLA $CSX $CMG $FB $QCOM $ROKU $GOOGL $LULU $NFLX $VALE $PCLN $BABA $MU ... https://appsto.re/i6hH3LG 
2018-02-26 13:00:42,"The Brave New World of #Driving: #ArtificialIntelligence & #AutonomousDriving - Companies Mentioned: #GopherProtocol (OTCQB: $GOPH) #Tesla (NASDAQ: $TSLA) #Intel (NASDAQ: $INTC) #Alphabet Inc (NASDAQ: $GOOG, NASDAQ: $GOOGL) #STMicroelectronics (NYSE: $STM)  http://www.investorideas.com/CO/GOPH/news/2018/02261AI.asp … pic.twitter.com/CdR5MfWa0N"
2018-02-26 13:00:38,Tech: Google unveils updates to Assistant to bolster voice platform (GOOGL)  https://www.naijadad.com.ng/tech-google-unveils-updates-to-assistant-to-bolster-voice-platform-googl/ … pic.twitter.com/bzIpXDC3gk
2018-02-26 13:00:32,"long $googl march 1200 calls. 1) other faang's at ATH, $googl will catch up. 2) cloud good news not yet baked in"
2018-02-26 12:50:08,"$HMNY +5%, Canaccord target 15$, Billionaire Israel Englander Pulls the Trigger on Alibaba $BABA and Helios & Matheson $HMNY. In the fourth quarter of 2017, Englander initiated new positions in $BABA $HMNY.  https://www.smarteranalyst.com/2018/02/19/billionaire-israel-englander-pulls-trigger-alibaba-group-holding-ltd-baba-helios-matheson-analytics-inc-hmny/ … $SPY $NFLX $AMZN $DIS $GOOGL $AMC $GS $QQQ"
2018-02-26 12:32:18, http://smarturl.it/zk  | Google unveils updates to Assistant to bolster voice platform (GOOGL) https://goo.gl/fb/bRmXAm 
2018-02-26 12:30:57,$AAPL $GOOGL  https://www.cnbc.com/2018/02/26/apple-confirms-it-uses-google-cloud-for-icloud.html …
2018-02-26 12:30:44,#FAANMG $FB +0.39% and $GOOGL 0.35% trail the pack. $SPY +0.76% Rest up 1% or more w $NFLX + 2.28% $AAPL 1.93% $MSFT +0.97% $AMZN +1.20%.
2018-02-26 12:26:28, http://42stocks.com/technology  | 42s top5 $QBAK $ZEN $RNG $NVDA $YNDX | top5 mktGain $AAPL $MSFT $CSCO $INTC $GOOGL | top5 mktLoss $ipdn $mtbcp $eltk $rbcn $mnga | top5 pctGain $FRSX $VERI $DTRM $PXLW $CTG pic.twitter.com/acCavsI9ka
2018-02-26 12:24:34,"8 Huge Tech, Gaming and Internet Catalysts That May Be Game Changers  http://bit.ly/2BOHjtP  $TCEHY $ATVI $SHOP $AMZN $GOOGL $AAPL $MSFT"
2018-02-26 12:14:20,"Tech Today: Qualcomm’s Suggestions, AMD’s Share, GTT’s Buy - Barron's Tech Trader Daily - $QCOM $AVGO $GTT $NOK $ERIC $ADI $AMD $NVDA $GOOGL $FB $NTNX $PSTG $OCLR $IIVI $ANET https://www.barrons.com/articles/tech-today-qualcomms-suggestions-amds-share-gtts-buy-1519660982 …"
2018-02-26 12:13:31,"There are three ways to go broke: ""ladies, liquor and leverage"" - Charlie Munger #buffett #stocks $tsla $twtr $aapl $amzn $googl $baba"
2018-02-26 12:12:48,$FB $GOOGL  https://twitter.com/variety/status/968168454091141120 …
2018-02-26 12:12:36,"Tech Today: Qualcomm’s Suggestions, AMD’s Share, GTT’s Buy - Barron's Tech Trader Daily - $QCOM $AVGO $GTT $NOK $ERIC $ADI $AMD $NVDA $GOOGL $FB $NTNX $PSTG  https://www.barrons.com/articles/tech-today-qualcomms-suggestions-amds-share-gtts-buy-1519660982 …"
2018-02-26 12:12:34, http://smarturl.it/zk  | Google unveils updates to Assistant to bolster voice platform (GOOGL) https://goo.gl/fb/bRmXAm 
2018-02-26 12:12:12,"$FB $GOOGL    CNN Boss Jeff Zucker Calls on Regulators to Probe Google, Facebook  http://variety.com/2018/digital/news/cnn-jeff-zucker-google-facebook-donald-trump-1202710332/ …"
2018-02-26 12:11:44,Taktau kerja tepek tepek gambar googl tu susah sampai berkira macam buat kerja susaj sangat
2018-02-26 12:10:29,"@Sprint presses FCC to eliminate barriers to 4G, 5G deployments  http://www.fiercewireless.com/wireless/sprint-presses-fcc-to-eliminate-barriers-to-4g-5g-deployments … $S $QQQ $TSLA $GOOGL $GE $GM $MSFT $APPL $YHOO $FB"
2018-02-26 12:06:46,$GOOG $GOOGL  https://seekingalpha.com/article/4150503-google-youtube-tv-gets-10-billion?source=tweet …
2018-02-26 12:01:36,"$GOOGL The rumor has been making the rounds since 2016, but a new update on the iPhone makers website confirms it.  https://stocknews.com/news/googl-when-it-comes-to-icloud-user-data-apple-turns-to/ …"
2018-02-26 12:01:05,"Top #money flow today. Free stocks app  http://www.mobileinteractive.com/superstocks  $BABA, $QQQ, $VCSH, $SPY, $NVDA, $EEM, $NXPI, $BRK.B, $TAL, $GOOGL, $GOOG, $WMT, $IWM, $CTAS, $BAC, $JPM, $HD, $AMZN, $AABA, $MSFT pic.twitter.com/WJ6EgOUsxQ"
2018-02-26 12:00:42,"#ArtificialIntelligence & #AutonomousDriving; The Brave New World of #Driving - Co's Mentioned: #GopherProtocol (OTCQB: $GOPH), #Tesla (NASDAQ: $TSLA), #Intel (NASDAQ: $INTC), #Alphabet Inc (NASDAQ: $GOOG, NASDAQ: $GOOGL), #STMicroelectronics (NYSE: $STM)  http://www.investorideas.com/CO/GOPH/news/2018/02261AI.asp … pic.twitter.com/ykq3VKLBgS"
2018-02-26 11:58:05, http://smarturl.it/zk  | Google unveils updates to Assistant to bolster voice platform (GOOGL) https://goo.gl/fb/bRmXAm 
2018-02-26 11:58:02,Google unveils updates to Assistant to bolster voice platform (GOOGL)  http://www.gistpartner.com/index.php/2018/02/26/google-unveils-updates-to-assistant-to-bolster-voice-platform-googl/ … pic.twitter.com/VG6BZ0tFiL
2018-02-26 11:54:29, http://smarturl.it/zk  | Google unveils updates to Assistant to bolster voice platform (GOOGL) https://goo.gl/fb/bRmXAm 
2018-02-26 11:48:48,Trade the tech slice you want!  $FNGU & $FNGD! @NYSE FANG+ Index 3x/-3x ETNs. Index components: $FB $AAPL $AMZN $NFLX $GOOGL $BABA $BIDU $NVDA $TSLA $TWTR pic.twitter.com/rXOtd8vMG8
2018-02-26 11:48:31, http://smarturl.it/zk  | Google unveils updates to Assistant to bolster voice platform (GOOGL)  https://goo.gl/fb/bRmXAm 
2018-02-26 11:46:31,まぁ宣伝としてだし多少はね ? 投稿した ｽﾃｨﾌﾞ淫夢でも宣言した通り 全話一気見出来るｺﾝﾃﾝﾂが出てきたらやりますねぇ ! (多分) googl翻訳先生がもっと頼りになれば良いのに。。
2018-02-26 11:46:26,$DXCM $GOOG $GOOGL  https://seekingalpha.com/article/4150657-future-health?source=feed_f …
2018-02-26 11:43:34,Google unveils updates to Assistant to bolster voice platform (GOOGL)  https://goo.gl/fb/QMvqUt 
2018-02-26 11:41:49,"@BBCBreaking @WSJbreakingnews @LauraTrevelyan @CNBCtech @nytimestech @StateDept $AAPL $GOOGL $fb $amzn More readers this article than next 4 put together. Russia top reader, more than next 3 together. For the month. Week? China. Regards Slim TOP SECRET  https://lnkd.in/dzCiJBt  pic.twitter.com/2oSEVREbvR"
2018-02-26 11:40:29,.@latimes $NFLX  .@Bravotv  .@LoveAndyC   .@workatNBCU .@NBCUniversal .@ParamountPics .@paramount $TWX $AAPL $GOOGL $TWTR $fb .@20thcenturyfox  .@THR .@UniStudios .@Miramax .@NYFCOOfficial  Regards Slim TOP SECRET  http://slimviews.blogspot.com/2018/02/top-secret.html … … pic.twitter.com/s7DXKc5F7d
2018-02-26 11:38:51,$AMZN $FDX $AAPL $SIRI $GOOGL $H $ROKU pic.twitter.com/77hmo5Oisb
2018-02-26 11:37:09,YouTube live streams will soon include automatic captions $GOOG $GOOGL -  http://hotpagenews.com/r/207031 
2018-02-26 11:36:24,"Buying today, settles - Feb-rooo-air-aaay.  $AAPL $AMZN $NFLX $GOOGL"
2018-02-26 11:34:41,"A Geezer$ Alert :  GOOG,GOOGL: The Future Of Health  https://goo.gl/fb/Nf8inR "
2018-02-26 11:33:21,@Sprint expects to deploy VoLTE starting this Fall!!!  http://www.fiercewireless.com/wireless/sprint-expects-to-deploy-volte-fall … $S $QQQ $HD $GOOGL $GE $GM $H $MSFT $GLW $DIS $DISH $FB $TWR $TSLA $YHOO $APPL
2018-02-26 11:32:58,Apple confirms it uses Google's cloud for iCloud $AAPL $GOOG $GOOGL -  http://hotpagenews.com/r/207022 
2018-02-26 11:27:20,Google unveils updates to Assistant to bolster voice platform (GOOGL)  http://cyberageonline.com/google-unveils-updates-to-assistant-to-bolster-voice-platform-googl/ …
2018-02-26 11:27:20,"@Sprint rebuilds federal, public sector market presence, taps Felix to lead new division  http://www.fiercetelecom.com/telecom/sprint-rebuilds-federal-public-sector-market-presence-taps-felix-to-lead-new-division … $S $QQQ $MSFT $DISH $DIS $HD $GE $GM $GLW $H $GOOGL $FB $TWR $HPQ"
2018-02-26 11:27:19,Google unveils updates to Assistant to bolster voice platform (GOOGL)  http://cyberageonline.com/google-unveils-updates-to-assistant-to-bolster-voice-platform-googl/ …
2018-02-26 11:27:17,Google unveils updates to Assistant to bolster voice platform (GOOGL)  http://cyberageonline.com/google-unveils-updates-to-assistant-to-bolster-voice-platform-googl/ …
2018-02-26 11:27:14,Google unveils updates to Assistant to bolster voice platform (GOOGL)  http://cyberageonline.com/google-unveils-updates-to-assistant-to-bolster-voice-platform-googl/ …
2018-02-26 11:27:12,Google unveils updates to Assistant to bolster voice platform (GOOGL)  http://cyberageonline.com/google-unveils-updates-to-assistant-to-bolster-voice-platform-googl/ …
2018-02-26 11:27:06,Black Americans Google unveils updates to Assistant to bolster voice platform GOOGL  http://dlvr.it/QHvgWV 
2018-02-26 11:22:08,$GOOG #GOOGLE $GOOGL $SNAP $FB https://seekingalpha.com/article/4150660-facebook-tipping-point?source=feed_f …
2018-02-26 11:21:48,Google unveils updates to Assistant to bolster voice platform (GOOGL):  http://ift.tt/2sYmDMZ  @SheikhMende #Dubai
2018-02-26 11:20:34,"$GOOGL is simply THE most innovative company I've ever seen so far - key is they do it ALL TIME and almost always can DELIVER, not like $aapl not like $msft $IBM $INTC or $tsla. probably one day $nvda will partner w/ $googl on sth. no doubt $googl goes to $2400-2500 in 3 yrs  https://twitter.com/businessinsider/status/968099596059656192 …"
2018-02-26 11:15:42,Google unveils updates to Assistant to bolster voice platform (GOOGL): This story was…  https://goo.gl/fb/pjUBXy 
2018-02-26 11:12:20,Google unveils updates to Assistant to bolster voice platform (GOOGL)  pic.twitter.com/HkrAzxgDSb
2018-02-26 11:09:34,"New post: ""Google unveils updates to Assistant to bolster voice platform (GOOGL)""  http://ift.tt/2ovjO1l "
2018-02-26 11:08:21,Google unveils updates to Assistant to bolster voice platform (GOOGL)  http://ift.tt/2ovjO1l 
2018-02-26 11:07:08,Google unveils updates to Assistant to bolster voice platform (GOOGL)  http://ift.tt/2ovjO1l 
2018-02-26 11:07:06,Google unveils updates to Assistant to bolster voice platform (GOOGL)  http://ift.tt/2ovjO1l  #interesting
2018-02-26 11:04:23,10 Things To Know. Google unveils updates to Assistant to bolster voice platform (GOOGL)  http://ift.tt/2ovjO1l 
2018-02-26 11:03:36,Google unveils updates to Assistant to bolster voice platform (GOOGL)  http://read.bi/2CKxmdI 
2018-02-26 11:03:27,Google unveils updates to Assistant to bolster voice platform (GOOGL)  http://ift.tt/2ovjO1l  johnangel1977
2018-02-26 11:02:01,Let Us Make Few Trades But Good Trades.  25 Green and 5 Red trades in February so far.      GREEN (25):  Many are 100% plus gains.  $CL $ES(3) $GC (2) $WYNN $UVXY (3) $SPY (4) $AAPL(2) $NVDA $BA $FB (2)  $GLD $JPM $GOOGL (2) $TLT         RED(5):  $HG $SPY $IWM $ZB $TLT
2018-02-26 11:01:59,"Search engines sent more traffic to publishers than social media in 2017 (GOOGL, GOOG)  http://www.gistpartner.com/index.php/2018/02/26/search-engines-sent-more-traffic-to-publishers-than-social-media-in-2017-googl-goog/ … pic.twitter.com/1bWC2173kF"
2018-02-26 11:01:04,"Top #money flow today. Free stocks app  http://www.mobileinteractive.com/superstocks  $BABA, $BRK.B, $VCSH, $QQQ, $NVDA, $GOOGL, $TAL, $SPY, $IWM, $CTAS, $GOOG, $TLT, $NXPI, $NFLX, $AABA, $WMT, $BAC, $JPM, $HD, $XOM pic.twitter.com/DZf3FwFKZl"
2018-02-26 11:00:42,"The Brave New World of #Driving: #ArtificialIntelligence and #AutonomousDriving - Co's Mentioned: #GopherProtocol (OTCQB: $GOPH) #Tesla (NASDAQ: $TSLA) #Intel (NASDAQ: $INTC) #Alphabet Inc (NASDAQ: $GOOG, NASDAQ: $GOOGL) #STMicroelectronics (NYSE: $STM)  http://www.investorideas.com/CO/GOPH/news/2018/02261AI.asp … pic.twitter.com/BL94BQv6P9"
2018-02-26 10:58:23,$VXN +6% because of fear $AMZN $AAPL $NFLX $MSFT $FB $GOOGL aren't in their usual state of parabolic rise
2018-02-26 10:55:06,Can’t spell Equity without EQ U & I. 🤓  http://bit.ly/2BXwaqN  #oott #oil #wti $aapl $tsla $googl $nflx
2018-02-26 10:52:56,マジで毎回毎回うるさいきもいすきこれからもよろしく
2018-02-26 10:52:53,$AAPL $GOOG $GOOGL Apple confirms using Google Cloud; Cook will co-chair China business forum  pic.twitter.com/sFohrB6jeQ
2018-02-26 10:45:07,$GOOGL: Both the short term and long term trends are positive. This is a very positive sign.  https://www.chartmill.com/analyze.php?utm_source=twitter&utm_medium=TA&utm_content=TA&utm_campaign=social_tracking#/GOOGL?key=b499dbfa-898a-47fd-b995-82dbbc8d1753 … pic.twitter.com/HjwA0ochGN
2018-02-26 10:42:11,Doesn't matter imo. Amzn googl.aapl fb. Everyone in
2018-02-26 10:24:12,Our perspective on $ES as discussed in blog at  http://zenensys.com  was key to initiate these long positions $GOOGL $AAPL $FB  last week. Pleased with the outcome for our Zen Nation 🙏
2018-02-26 10:22:54,"#ArtificialIntelligence and #AutonomousDriving; The Brave New World of #Driving - Co's Mentioned: #GopherProtocol (OTCQB: $GOPH) #Tesla (NASDAQ: $TSLA) #Intel (NASDAQ: $INTC) #Alphabet Inc (NASDAQ: $GOOG, NASDAQ: $GOOGL) #STMicroelectronics (NYSE: $STM)  http://www.investorideas.com/CO/GOPH/news/2018/02261AI.asp …"
2018-02-26 10:21:34,"Search engines sent more traffic to publishers than social media in 2017 (GOOGL, GOOG)  http://read.bi/2ox7pcs  pic.twitter.com/L7IM90omDh"
2018-02-26 10:21:20,"I bet they trade $AAPL during the market correction down, not when $AAPL climbing back up. Funny... $AMZN $MSFT $GOOGL $FB $NFLX $C $F $NVDA $AMD $BTC $LTC $BCH $BTG"
2018-02-26 10:21:11,"Dünyanın En Değerli 500 Markası (2018) yayınlandı, aralarında milli markamız yok.   Görünen o ki yeni dünya düzeninde ülkelerin markası değil, markaların ülkesi rol oynayacak.   1 Amazn 2 Apple 3 Googl 4Samsng 5 Facebk 6 AT&T 7Microsft 8Verizon 9 Wallmart 10 ICBC"
2018-02-26 10:17:44,The drumbeat continues. $GOOGL   Google Must Be Stopped Before It Becomes an AI Monopoly  https://www.wired.com/story/google-artificial-intelligence-monopoly/ …
2018-02-26 10:16:19,@googl_n  ぐーぐるふぁぼばくうるさいすき
2018-02-26 10:14:24,2 tgts hit GOOGL likes to fade hard not gettin caught this week great profits on this !!  https://twitter.com/NYDOUGH/status/968142046858043393 …
2018-02-26 10:13:45,GOOGL 180302C1140 #closingtrade out 1@8.95 all out https://twitter.com/NYDOUGH/status/968137485581725696 …
2018-02-26 10:13:12,"RT from IEEESpectrum: ""“We should be able to determine and control truly fake news, information that is patentable false,” said John Hennessy, Alphabet’s new chair, in an interview with teklaperry:  https://buff.ly/2FwVmUw  $GOOGL  pic.twitter.com/oPqSIq3vTD"""
2018-02-26 10:13:08,"Search engines sent more traffic to publishers than social media in 2017 (GOOGL, GOOG)  http://dlvr.it/QHv94d  pic.twitter.com/EtmhV1vbio"
2018-02-26 10:13:06,"Amazon looks to build more of its own silicon; would join other large tech giants, Google and Apple, in looking to design its own chips  https://www.barrons.com/articles/amazon-alphabet-plan-to-chip-away-at-nvidia-1519586390 … via @barronsonline by @jswartz $AMZN $GOOGL $AAPL"
2018-02-26 10:12:36,"Search engines sent more traffic to publishers than social media in 2017 (GOOGL, GOOG)  http://www.15minutenews.com/article/142250562/search-engines-sent-more-traffic-to-publishers-than-social-media-in-2017-googl-goog/ … #Business"
2018-02-26 10:09:31,Another great morning @zenensys Thanks $AAPL $GOOGL $FB $TLT pic.twitter.com/jTZybZGabd
2018-02-26 10:09:29,Markets love to see #FAANG to move & rally $FB $AAPL $AMZN $NFLX $GOOGL  pic.twitter.com/YK0P57sbMd
2018-02-26 10:09:08,"RT from IEEESpectrum: ""“We should be able to determine and control truly fake news, information that is patentable false,” said John Hennessy, Alphabet’s new chair, in an interview with teklaperry:  https://buff.ly/2FwVmUw  $GOOGL  pic.twitter.com/h9uFl6Ikcs"""
2018-02-26 10:08:02,"ICYMI: #Stocks we're watching today - $UPS, $F, $GOOGL, Uber & Lyft @alexistvnews  http://yhoo.it/2oyEip2  pic.twitter.com/76RXsxaeYo"
2018-02-26 10:07:34,"Long $AMZN Short $GOOGL ... nor bad huhh ? still very ""bullish"" & px is widening !!  pic.twitter.com/djzJwynGUC"
2018-02-26 10:05:33,"Still a good bet on $AMZN / $GOOGL #spread , now @ $380s https://twitter.com/pipsnticks/status/960568509829865472 …"
2018-02-26 10:05:13,"“We should be able to determine and control truly fake news, information that is patentable false,” said John Hennessy, Alphabet’s new chair, in an interview with @teklaperry:  https://buff.ly/2FwVmUw  $GOOGL  pic.twitter.com/v71AUzgcjc"
2018-02-26 10:03:25, http://M.facebook.com/story.php?story_fbid=585652675102844&id=173720856296030&__tn__=%2AW-R …  https://fb.me/1xfObTR7p 
2018-02-26 10:00:16,NYT magazine discusses anticompetitive practices by Google  https://www.nytimes.com/2018/02/20/magazine/the-case-against-google.html … via @NYTmag by @cduhigg $GOOGL $MSFT
2018-02-26 09:58:05,"Search engines sent more traffic to publishers than social media in 2017 (GOOGL, GOOG)  http://dlvr.it/QHv4Kf  #b2b pic.twitter.com/f09FSWfZrf"
2018-02-26 09:55:38,GOOGL 180302C1140 #scaleout out1 @10.40 leaves 1 i may close the last 1 out if gets under tgt2 here !! watch the last piece on GOOGL here
2018-02-26 09:54:00,BTO 1 $googl 1140c weekly @teamm
2018-02-26 09:53:45,Alphabet Inc (NASDAQ:GOOGL) launched its own job search engine - Alphabet Inc (NASDAQ:GOOGL) la  http://vocation.ai/blog/news-jobs/alphabet-inc-nasdaqgoogl-launched-its-own-job-search-engine/ … #NewsFeed
2018-02-26 09:53:12,"Search engines sent more traffic to publishers than social media in 2017 (GOOGL, GOOG)  http://ift.tt/2Fyl3nP  This represents a market shift, as social had sent websites more visits since 2014  http://ift.tt/eA8V8J "
2018-02-26 09:51:05, http://smq.tc/2frwPpF  < Timothy Sykes Stock $ Alerts Reviewed $IBB $GOOGL $FB
2018-02-26 09:49:06,$AAPL AND $GOOGL  https://www.cnbc.com/2018/02/26/apple-confirms-it-uses-google-cloud-for-icloud.html …
2018-02-26 09:47:40,$NVDA $AAPL $GOOGL $MU  Option Traders:  Don't Let the Institutions Scalp You:   Volatility Mastery - How to Trade a Bear and Bull Market https://vimeo.com/255317960 
2018-02-26 09:47:13,The Bear's Lair: Ferment Brings Us The Future $T $FB $GOOGL  https://goo.gl/T7SWeF 
2018-02-26 09:44:52,"LIVE: Amazon, Google and Apple under pressure to remove NRA streaming channel - @ewolffmann & @melodyhahm offer insight  http://yhoo.it/2oyEip2  $AMZN $GOOGL $AAPL pic.twitter.com/ao2p7neaQ2"
2018-02-26 09:42:57,$GOOG $GOOGL  https://seekingalpha.com/article/4150503-google-youtube-tv-gets-10-billion?source=tweet …
2018-02-26 09:41:51,"#Stocks to Watch Today: $UPS, $F, $GOOGL, Uber & Lyft   http://yhoo.it/2oyEip2  pic.twitter.com/NVNcybxtWz"
2018-02-26 09:41:15,"These are the five leaders in the self-driving car race (GOOG, GOOGL, GM, F)  http://read.bi/2rnqBOA  pic.twitter.com/k4ptOTvoT5"
2018-02-26 09:41:11,these $googl mar2 1140c now @ 10.6 from 5.92!!! wow!!!  https://twitter.com/option_snipper/status/967137235043782656 …
2018-02-26 09:40:55,"#Food is up next for the #move. What are grocers going to do w/ higher priced #commodities? #Inflation has been in the pipes.  $DBA $MOO $KR $WMT $AMZN ~ $USO $XLE $GLD ^ ( $GDX $GDXJ $DUST $NUGT ) = $TLT $TNX * $BAC $GS / $FB $AAPL $NFLX $GOOGL $TSLA $TWTR = $QQQ + $XBT_C, $GBTC pic.twitter.com/zV2xD0xo3g"
2018-02-26 09:38:45,these $googl mar2 1140c now @ 9.7 from 5.92 entry last Friday  https://twitter.com/option_snipper/status/967137235043782656 …
2018-02-26 09:37:05,Bot $GOOGL Mar16 1150c at 15.00
2018-02-26 09:34:24,Apple confirms it uses Google's cloud for iCloud $AAPL $GOOGL  https://www.cnbc.com/2018/02/26/apple-confirms-it-uses-google-cloud-for-icloud.html …
2018-02-26 09:33:07,"These are the five leaders in the self-driving car race (GOOG, GOOGL, GM, F)  http://ift.tt/2FQTHsI  In a new 2018 report, BI Intelligence takes an in-depth look at the most expansive self-driving car tests taking place in the US, and offers insights on…  http://ift.tt/eA8V8J "
2018-02-26 09:31:25,"There's one way to hold tech companies hostage and fix the spread of hoaxes, conspiracy theories, and misinformation (FB, TWTR, GOOG, GOOGL)  http://read.bi/2GGGqmg  pic.twitter.com/QvAmItbP8q"
2018-02-26 09:30:33,Bear of the Day: Pandora Media $P Also $AAPL $AKAM $AMZN $CMCSA $GOOGL  https://goo.gl/w5Aup2 
2018-02-26 09:28:40,"There's one way to hold tech companies hostage and fix the spread of hoaxes, conspiracy theories, and misinformation (FB, TWTR, GOOG, GOOGL)  http://dlvr.it/QHtvwM  #PR #analytics pic.twitter.com/5GpOcMviox"
2018-02-26 09:27:44,#Google unveils #MachineLearning ad tool (GOOGL) #AI #IA #BigData #DataScience #artificialintelligence  https://uk.news.yahoo.com/google-unveils-machine-learning-ad-150500291.html …
2018-02-26 09:27:07,my FOCUS today - $amzn $ba $baba $googl $nflx $nvda $tsla
2018-02-26 09:26:25,@jimcramer massive nflx news  reed hasting says 100m india customers  and if googl can raise prices 5 bucks  lol  nflx can     302  soon
2018-02-26 09:18:29,"Feb 26 Monday, $GOOGL is $1,133.76 in the premarket  Seeing $1,199.85 and $1,067.54"
2018-02-26 09:17:57,Still pumping those FAANGs ... $QQQ $AMZN $AAPL $NFLX $NVDA $GOOGL $FB
2018-02-26 09:17:30,Supreme Court will decide on Microsoft data case by June $MSFT $GOOG $GOOGL  https://seekingalpha.com/news/3334140 
2018-02-26 09:17:26,Alphabet Inc $GOOGL Shares Sold by Riverpark Capital Management LLC  http://weekherald.com/?p=1486763 
2018-02-26 09:17:14,CLS Investments LLC Reduces Position in Alphabet Inc $GOOGL  http://weekherald.com/?p=1486774 
2018-02-26 09:16:36,"Alphabet Inc  (NASDAQ:GOOGL) Pre-market: 1,133.76 +5.67 (0.50%)  Feb 26, 9:11AM EST   #GoogleFinance"
2018-02-26 09:16:30,Alphabet Inc $GOOGL Stake Lessened by CLS Investments LLC  http://stocknewstimes.com/?p=1488245  #stocks
2018-02-26 09:16:27,Riverpark Capital Management LLC Has $19.93 Million Stake in Alphabet Inc $GOOGL  http://stocknewstimes.com/?p=1488248  #stocks
2018-02-26 09:16:04,"Wills Financial Group Inc. Has $797,000 Position in Alphabet Inc $GOOGL  http://thelincolnianonline.com/?p=682818 "
2018-02-26 09:16:03,Alphabet Inc $GOOGL is RiverPark Advisors LLC’s 3rd Largest Position  http://thelincolnianonline.com/?p=682819 
2018-02-26 09:16:01,Cohen & Steers Inc. Has $26.09 Million Stake in Alphabet Inc $GOOGL  http://thelincolnianonline.com/?p=682821 
2018-02-26 09:15:30,"A Geezer$ Alert :  GOOG,GOOGL: Supreme Court will decide on Microsoft data case by June  https://goo.gl/fb/pkXgB9 "
2018-02-26 09:13:38,"$AAPL 176.00 Apple iCloud services were relying on remote data storage systems from $AMZN Web Services and $MSFT Azure, but now reveal they are using $GOOGL Cloud Platform. In addition to Apple, other Google public cloud customers include Kroger, PayPal, Snap and Spotify. @CNBC"
2018-02-26 09:12:34,Supreme Court will decide on Microsoft data case by June  https://seekingalpha.com/news/3334140-supreme-court-will-decide-microsoft-data-case-june?source=tweet … $MSFT $GOOG $GOOGL
2018-02-26 09:11:22,$AAPL $GOOGL  https://twitter.com/jcmccracken/status/968126097647955969 …
2018-02-26 09:08:07,"There's one way to hold tech companies hostage and fix the spread of hoaxes, conspiracy theories, and misinformation (FB, TWTR, GOOG, GOOGL)  http://dlvr.it/QHtn2N  pic.twitter.com/F7j3gVuCxY"
2018-02-26 09:07:06,nflx set up to blue sky  can explode  googl raising prices  is great for nflx
2018-02-26 09:06:02,Aim for This Alphabet Upside Target $GOOGL $GOOG - https://investorplace.com/2018/02/trade-day-alphabet-inc-goog-googl-stock-target/ …
2018-02-26 09:03:46,Amazon Has Designs On A.I. Chips   https://search.app.goo.gl/Ykk9  $AMZN $GOOGL $AAPL $NVDA
2018-02-26 09:03:17,"Hay una manera para que las empresas de tecnología de rehenes y corrección de la propagación de bulos, las teorías de la conspiración, y la desinformación (FB, TWTR, GOOG, GOOGL)  http://dlvr.it/QHtlFl  pic.twitter.com/eaOVJI8gXy"
2018-02-26 09:03:05,"$GOOGL Apple's Airpods have been a hit, but the same can't be said for Google's wireless earbuds.  https://stocknews.com/news/googl-apples-success-with-airpods-points-to-missed-opportunity-for-alphabet/ …"
2018-02-26 09:01:01,Mana para penggila film BOKEP ? Nih pasang aplikasi RIBUAN film bokep di  https://googl/lGlCtR Sebarkan ke temen2 yang lain ya!!!
2018-02-26 08:58:08,"Bubble Or Not, Here's Why FANG Stocks Are Ready To Pause -   https://www.seeitmarket.com/bubble-or-not-heres-why-fang-stocks-ready-pause-17861/#.WpQSOs7QVf0.twitter …  blog by @JLyonsFundMgmt $QQQ $FB $AMZN $NFLX $GOOGL"
2018-02-26 08:58:07,$GOOG $GOOGL  https://seekingalpha.com/article/4150503-google-youtube-tv-gets-10-billion?source=tweet …
2018-02-26 08:43:07,"There's one way to hold tech companies hostage and fix the spread of hoaxes, conspiracy theories, and misinformation (FB, TWTR, GOOG, GOOGL)  http://ift.tt/2CJp06d  Advertisers could incentivize Facebook and Google to fix the spread of hoaxes online  http://ift.tt/eA8V8J "
2018-02-26 08:43:03,"""Artificial intelligence could make brands obsolete (GOOGL, AMZN, AAPL) #AI #Marketing  https://buff.ly/2FjmKVV """
2018-02-26 08:40:50,Quantamize Morning Q-Ride 2/26/2018   http://bit.ly/mqr-tw-feb-26-2018 … $GOOGL $MU $UNP $ALSN $TSLA #stocks #investors #quant #research #MondayMotivaton pic.twitter.com/vWThetR1VS
2018-02-26 08:39:49,"(There's one way to hold tech companies hostage and fix the spread of hoaxes, conspiracy theories, and misinformation (FB, TWTR, GOOG, GOOGL)) -  http://www.tradebuddy.online/wp-content/uploads/2018/02/screen-shot-2018-02-20-at-102250-am.png … -   Hoaxes and fake news continue to be promoted on big tech platforms run by Facebook and ... - ... pic.twitter.com/81dhUFy4Dr"
2018-02-26 08:38:11,"There's one way to hold tech companies hostage and fix the spread of hoaxes, conspiracy theories, and misinformation (FB, TWTR, GOOG, GOOGL)  http://dlvr.it/QHtbwJ  #b2b pic.twitter.com/GRsISrxkD9"
2018-02-26 08:29:48,googlサンがプッシュなさってくださらなかったら、気付かずに生きてゆけたものを……。 もう、このお節介やさん♡  orz
2018-02-26 08:24:45,$googl looking good premarket. Have an order to cut some of 1140c at 9. Above 1136.20 to start filling that gap to 1170.
2018-02-26 08:23:21,Our long positions in $GOOGL $AAPL $TLT $UNG $GC looking promising @zenensys.
2018-02-26 08:23:00,Android版のgooglさんのアプリ、「あなたにおすすめの記事」てなものを表示してくれるのね。 内容はニュースサイトだったり、個人ブログだったり、カクヨムの作品だったり。 で、Twitterのアカウントを薦められたので見に行ったんですよ。  ブロックされてましたわ。
2018-02-26 08:20:06,"$TSLA, $INTC, $GOOG, $GOOGL, $STM - AI and Autonomous Driving, The Brave New World of Driving - Commentary  http://crweworld.com/article/news-provided-by-accesswire/238574/artificial-intelligence-and-autonomous-driving-the-brave-new-world-of-driving- …"
2018-02-26 08:17:32,$wday another record high pre-market $128.75. Earnings out again tomorrow after the close.   $nvda $meli $wday still my top 3 holdings with $amzn $googl $aapl $de $cat $ba $fdx $x $clf $nue $cat $gww $uri  Spec picks $potn $wynn $shop $grub  - $ibb $fas top etf's  Always updating
2018-02-26 07:48:42,ابو عبدالمحسن يسعد مساك الاسبوع هذا نبي نفس الاسبوع الماضي نطقطق googl و tsla 😘😘😘ننتظرك
2018-02-26 07:48:29,my $amzn $googl calls should pay really well today!  nice move pre market!
2018-02-26 07:27:15,$GOOGL  https://twitter.com/businessinsider/status/968099596059656192 …
2018-02-26 07:23:46,makalagot kay nang halos di na gane ko mo chat aron di napod mobalik ug display iyang pangalan! Hoy di ko googl eug naa kay pangutana! didto ka sa imong firends! don’t me jd
2018-02-26 07:20:52,"Morning Most Tweeted Big Caps, check out Gambiste Top 10: $ADP $AAL $ATVI $AMZN $AAPL $GOOG $GOOGL $FB  http://gambiste.com/index.php/current-month-stock-data/ …"
2018-02-26 07:05:24,"Scutify Pre-Market. Dropbox Files For IPO Of Up To $500M, Samsung Launches Galaxy S9 With Focus On Social Media. #Data #Sharing #Storage #Cloud #IPO #GalaxyS9 #MWC18 #SocialMedia #AI #WarrenBuffett #Bonds #5G $GOOGL $BOX $AMZN $MSFT $SSNLF $AAPL $GE $NOK  https://mailchi.mp/scutify/scutify-pre-market-dropbox-files-for-ipo-of-up-to-500m-samsung-launches-galaxy-s9-with-focus-on-social-media-ge-to-restate-2-years-of-earnings?e=85b13f4a22 … pic.twitter.com/h7u0cjMjgh"
2018-02-26 07:01:59,"""Shares  http://ofAmazon.com (AMZN) closed at $1,500 for the first time ever on February 23, propelling the company's market value to $726.2 billion, behind only Apple (AAPL) and Alphabet (GOOGL).""  https://lnkd.in/eewAJ6X  https://lnkd.in/eyj4CvB "
2018-02-26 07:01:10,Learn to Read SEC Filings DVD:  http://smq.tc/1GdpNHv  This DVD is pure gold!  $SLV $TWTR $Spy $GOOGL $IBB $TSLA $PCLN $CELG $LNKD
2018-02-26 07:00:00,$GOOGL - loooooooooong  -  https://it.tradingview.com/chart/GOOGL/Y7ywk7tR/ …
2018-02-26 06:59:21,👉 $FUSZ 👈 UPTRENDING STRONG. BIG BOARD BOUND #lifechanging ✨MUST SEE DD:  https://investorshangout.com/post/view?id=4934555 … $USLV $AAPL $MSFT $CSCO $INTC $NVDA $NFLX $AMD $MAT $BABA $QCOM $YNDX $SPNS $MU $JD $NOK $GM $GE $F $C $S $VZ $JUNO $HBAN $ATOS $AKER $COGT $MARA $MARK $XNET $TSLA $GOOGL $OBSV pic.twitter.com/96H8gfWliD
2018-02-26 06:52:49,$GOOGL  http://demo.FinGraphs.com  Pot. cont. Uptrend LONGERTERM Wly-Dly-Hly combo chart #Google #Stocks pic.twitter.com/Eiesx2iADs
2018-02-26 06:51:16,loooooooooong  $GOOGL  http://it.tradingview.com/chart/GOOGL/Y7ywk7tR/ …
2018-02-26 06:27:19,The tech industry and the White House are butting heads at the Supreme Court over data stored abroa...  https://www.bloomberg.com/news/articles/2018-02-26/tech-takes-on-trump-as-supreme-court-looks-at-data-stored-abroad … via @bpolitics $MSFT $GOOGL $AAPL $FB
2018-02-26 06:15:23,$TJX $GOOG $GOOGL $MA $BAC $CRI $UNP $AXP $WFC $ROST $AZO $JPM $V $BRK.A $BRK.B $CBPX $PPG $HDS $CP $DISCA $AMNF https://seekingalpha.com/article/4150569-bretton-funds-2017-annual-report-shareholders?source=feed_f …
2018-02-26 06:15:17,Googl paly balanceは関係ないわ。プリコネは課金できるけどミリシタだけできないみたい。なんかキャッシュが悪さしている気がする
2018-02-26 05:47:39,っていうか、課金したいのにGoogl paly balanceとか出てきて課金できない...残金あるじゃないですかー
2018-02-26 05:32:57,"RiverPark Advisors LLC Sells 5,046 Shares of Alphabet Inc $GOOGL  http://americanbankingnews.com/?p=5827299  #stocks"
2018-02-26 05:32:56,Alphabet Inc $GOOGL Shares Sold by Riverpark Capital Management LLC  http://americanbankingnews.com/?p=5827300  #stocks
2018-02-26 05:32:55,Alphabet Inc $GOOGL Shares Sold by Cohen & Steers Inc.  http://americanbankingnews.com/?p=5827305  #stocks
2018-02-26 05:32:54,Sand Hill Global Advisors LLC Decreases Position in Alphabet Inc $GOOGL  http://americanbankingnews.com/?p=5827307  #stocks
2018-02-26 05:32:53,CLS Investments LLC Reduces Position in Alphabet Inc $GOOGL  http://americanbankingnews.com/?p=5827309  #stocks
2018-02-26 05:32:52,Alphabet Inc $GOOGL Holdings Boosted by First Allied Advisory Services Inc.  http://americanbankingnews.com/?p=5827312  #stocks
2018-02-26 05:32:43,Alphabet Inc $GOOGL Stake Lessened by CLS Investments LLC  http://theolympiareport.com/?p=509478 
2018-02-26 05:31:45,Riverpark Capital Management LLC Has $19.93 Million Stake in Alphabet Inc $GOOGL  http://zpr.io/nXdvZ  #stocks
2018-02-26 05:31:44,Riverpark Capital Management LLC Has $19.93 Million Stake in Alphabet Inc $GOOGL  http://zpr.io/nXdvZ 
2018-02-26 05:23:54,"Protected: Swing Trading Report Mon Feb 26 Part B: $XRT, $EXP, $FIT, $VFC, $GOOGL, $AMZN, $JUNO, $OAK, $EOG…  https://compoundtrading.com/swing-trading-report-mon-feb-26-part-b-xrt-exp-fit-vfc-googl-amzn-juno-oak-eog/ …"
2018-02-26 05:05:33,"《定期》  ☆ Googl_SNSさん☆ パズドラ・モンスト垢販売の方です(^^)/ ★パズドラ★ ・強垢 ・魔法石多量垢 ・チートワンパン ★モンスト★ ・オーブ多量垢  その他に,,, 「データは売りたいけど、 詐欺には遭いたくない」 というか"
2018-02-26 05:01:14, http://smq.tc/2frwPpF  < < Tim Sykes Stock Trading Alerts Full Review $GOOGL $TXRH $TWTR
2018-02-26 05:00:03,short ratio interest of $CRCM is 2.04 at 2018-01-31  http://sunshineavenue.com/stock/CRCM/  $GOOGL 2.02 $IPDN 2.40 $DHX 11.90 $TRUE 7.42
2018-02-26 04:22:02,$AMZN $BIDU $BLDR $BMCH $BRK.A $BRK.B $CACC $CNSWF $COF $EME $FCAU $FWONA $FWONK $GOOG $GOOGL $GS $IAC $IBKR $JD https://seekingalpha.com/article/4150552-tracking-ruane-cunniff-and-goldfarbs-portfolio-q4-2017-update?source=feed_f …
2018-02-26 04:12:27,"👉 The Google ‘cloud’ grows with fresh undersea data cables $GOOGL║ https://hedgeaccordingly.com/2018/01/the-google-cloud-grows-with-fresh-undersea-data-cables-googl.html …   Entered The #AFP Zeitgeist On January 17, 2018@7:18am"
2018-02-26 04:10:51,Googl-oryhole  pic.twitter.com/S86OIlyE15
2018-02-26 03:57:25,グーグルが「Chrome」に広告ブロック機能を付けた本当の理由｜ http://WIRED.jp  ウェブブラウザー「Googl…  https://goo.gl/URCzSr  #google_chrome #wired #wired_japan #イノベーション #ニュース #ブラウザ #ワイアード #ワイヤード #広告
2018-02-26 03:10:04,Word on the street is EOM will be bullish for stocks. Here’s how we’re playing it    http://bit.ly/2BXwaqN  $aapl $tsla #oott $xom $rok $googl $nflx #bitcoin
2018-02-26 01:33:24,Compare the #equity #performance of #Apple $appl #Facebook $fb #Amazon $amzn #Microsoft $MSFT #Alphabet $GOOGL against #Nasdaq100 & #SP500. Absolute and Relative #trend with daily #charts. Weekly Review.  http://bit.ly/2ow6lXh  pic.twitter.com/OgFEnoXPnv
2018-02-26 01:29:14,昨日「報道特注」ってyoutubeの番組見たら、あなたへのおすすめに、「鳥肌実る」が出て来た（笑）つい見ちゃったよ。 googl先生は賢い。 #報道特注
2018-02-26 00:46:17,"Tech Roundup: Buffet's AAPL Stake, GOOGL Stories, CSCO Earnings  https://finance.yahoo.com/news/tech-roundup-buffet-apos-aapl-210109804.html …"
2018-02-26 00:29:36,1st thing on the radar  $BA and $GOOGL MAR02C
2018-02-26 00:29:07, http://smq.tc/1HZzRnE  4 Keys To Mastering Short Selling by timothysykes! $NFLX $GOOGL $INTC $YELP
2018-02-26 00:02:13,"Steam Credential stealer, shared today via Steam instant message.  <USERNAME>: ahaha lol  https://picturejpegtech/pictures291.jpg  -> /googl/3NhPc2 -->/drive.googlecom/uc?export=download&confirm=no_antivirus&id=15WaNX4PY4S4qMr4at6bOIUp3KvyMeMWO ---> pictures291.scr"
